# Wilkinson Microwave Anisotropy Probe (WMAP) 9 year data release, version 5.1
# Beam Transfer Function (amplitude) for differencing assembly Q1,
# normalized to 1.0 at l=1.  The window function is the square of the
# beam transfer function.
# Reference = WMAP Explanatory Supplement: http://lambda.gsfc.nasa.gov/
# Column 1 = multipole moment l
# Column 2 = beam transfer function (amplitude), dimensionless units.
# Column 3 = 1-sigma frectional error,  delta_b_l / b_l.  See 
#             Hill et al. 2009 ApJ 180,246 for a detailed discussion of 
#             error computation.
# 
     0     1.00002787     0.00000721
     1     1.00000000     0.00000000
     2     0.99994430     0.00001440
     3     0.99986083     0.00003594
     4     0.99974967     0.00006457
     5     0.99961093     0.00010019
     6     0.99944478     0.00014269
     7     0.99925138     0.00019195
     8     0.99903093     0.00024781
     9     0.99878365     0.00031011
    10     0.99850983     0.00037867
    11     0.99820971     0.00045327
    12     0.99788359     0.00053369
    13     0.99753180     0.00061969
    14     0.99715469     0.00071102
    15     0.99675259     0.00080740
    16     0.99632590     0.00090856
    17     0.99587500     0.00101419
    18     0.99540028     0.00112399
    19     0.99490219     0.00123764
    20     0.99438111     0.00135481
    21     0.99383748     0.00147517
    22     0.99327176     0.00159837
    23     0.99268437     0.00172407
    24     0.99207575     0.00185192
    25     0.99144636     0.00198156
    26     0.99079662     0.00211265
    27     0.99012698     0.00224481
    28     0.98943785     0.00237771
    29     0.98872969     0.00251099
    30     0.98800290     0.00264430
    31     0.98725788     0.00277731
    32     0.98649502     0.00290967
    33     0.98571470     0.00304106
    34     0.98491731     0.00317115
    35     0.98410318     0.00329965
    36     0.98327267     0.00342625
    37     0.98242606     0.00355067
    38     0.98156366     0.00367263
    39     0.98068575     0.00379186
    40     0.97979261     0.00390814
    41     0.97888447     0.00402122
    42     0.97796151     0.00413089
    43     0.97702398     0.00423695
    44     0.97607202     0.00433923
    45     0.97510581     0.00443755
    46     0.97412545     0.00453177
    47     0.97313106     0.00462176
    48     0.97212276     0.00470741
    49     0.97110061     0.00478863
    50     0.97006465     0.00486535
    51     0.96901490     0.00493750
    52     0.96795141     0.00500505
    53     0.96687417     0.00506797
    54     0.96578314     0.00512627
    55     0.96467832     0.00517995
    56     0.96355963     0.00522904
    57     0.96242703     0.00527359
    58     0.96128045     0.00531366
    59     0.96011982     0.00534931
    60     0.95894502     0.00538065
    61     0.95775599     0.00540776
    62     0.95655259     0.00543076
    63     0.95533476     0.00544977
    64     0.95410236     0.00546493
    65     0.95285530     0.00547638
    66     0.95159344     0.00548427
    67     0.95031671     0.00548876
    68     0.94902497     0.00549002
    69     0.94771814     0.00548821
    70     0.94639613     0.00548352
    71     0.94505883     0.00547612
    72     0.94370618     0.00546619
    73     0.94233811     0.00545392
    74     0.94095455     0.00543949
    75     0.93955545     0.00542309
    76     0.93814078     0.00540490
    77     0.93671053     0.00538511
    78     0.93526467     0.00536390
    79     0.93380323     0.00534144
    80     0.93232622     0.00531791
    81     0.93083367     0.00529348
    82     0.92932565     0.00526831
    83     0.92780222     0.00524258
    84     0.92626349     0.00521642
    85     0.92470955     0.00519001
    86     0.92314051     0.00516347
    87     0.92155655     0.00513694
    88     0.91995780     0.00511056
    89     0.91834442     0.00508445
    90     0.91671664     0.00505872
    91     0.91507463     0.00503349
    92     0.91341865     0.00500885
    93     0.91174890     0.00498490
    94     0.91006564     0.00496173
    95     0.90836915     0.00493942
    96     0.90665969     0.00491802
    97     0.90493755     0.00489762
    98     0.90320305     0.00487826
    99     0.90145648     0.00485999
   100     0.89969817     0.00484285
   101     0.89792844     0.00482687
   102     0.89614763     0.00481208
   103     0.89435606     0.00479849
   104     0.89255412     0.00478611
   105     0.89074211     0.00477495
   106     0.88892042     0.00476500
   107     0.88708937     0.00475625
   108     0.88524935     0.00474869
   109     0.88340068     0.00474228
   110     0.88154375     0.00473700
   111     0.87967887     0.00473282
   112     0.87780642     0.00472969
   113     0.87592675     0.00472757
   114     0.87404016     0.00472641
   115     0.87214702     0.00472616
   116     0.87024763     0.00472676
   117     0.86834234     0.00472815
   118     0.86643144     0.00473027
   119     0.86451524     0.00473307
   120     0.86259402     0.00473646
   121     0.86066810     0.00474040
   122     0.85873773     0.00474481
   123     0.85680319     0.00474963
   124     0.85486472     0.00475479
   125     0.85292258     0.00476023
   126     0.85097697     0.00476589
   127     0.84902816     0.00477171
   128     0.84707632     0.00477763
   129     0.84512169     0.00478359
   130     0.84316442     0.00478955
   131     0.84120471     0.00479545
   132     0.83924272     0.00480124
   133     0.83727859     0.00480688
   134     0.83531250     0.00481234
   135     0.83334455     0.00481757
   136     0.83137490     0.00482255
   137     0.82940362     0.00482723
   138     0.82743086     0.00483161
   139     0.82545669     0.00483566
   140     0.82348119     0.00483935
   141     0.82150444     0.00484268
   142     0.81952652     0.00484564
   143     0.81754750     0.00484820
   144     0.81556741     0.00485038
   145     0.81358630     0.00485217
   146     0.81160422     0.00485356
   147     0.80962120     0.00485457
   148     0.80763727     0.00485519
   149     0.80565244     0.00485543
   150     0.80366672     0.00485531
   151     0.80168015     0.00485484
   152     0.79969271     0.00485402
   153     0.79770440     0.00485287
   154     0.79571521     0.00485142
   155     0.79372515     0.00484966
   156     0.79173420     0.00484764
   157     0.78974235     0.00484535
   158     0.78774954     0.00484282
   159     0.78575577     0.00484008
   160     0.78376104     0.00483713
   161     0.78176527     0.00483401
   162     0.77976844     0.00483072
   163     0.77777052     0.00482730
   164     0.77577144     0.00482376
   165     0.77377119     0.00482013
   166     0.77176968     0.00481642
   167     0.76976688     0.00481265
   168     0.76776273     0.00480884
   169     0.76575717     0.00480501
   170     0.76375013     0.00480119
   171     0.76174152     0.00479738
   172     0.75973131     0.00479360
   173     0.75771938     0.00478987
   174     0.75570569     0.00478620
   175     0.75369012     0.00478261
   176     0.75167260     0.00477912
   177     0.74965305     0.00477572
   178     0.74763135     0.00477244
   179     0.74560742     0.00476927
   180     0.74358118     0.00476624
   181     0.74155248     0.00476334
   182     0.73952124     0.00476058
   183     0.73748736     0.00475797
   184     0.73545070     0.00475550
   185     0.73341118     0.00475318
   186     0.73136866     0.00475100
   187     0.72932303     0.00474897
   188     0.72727418     0.00474708
   189     0.72522199     0.00474533
   190     0.72316634     0.00474370
   191     0.72110712     0.00474220
   192     0.71904419     0.00474082
   193     0.71697747     0.00473955
   194     0.71490681     0.00473837
   195     0.71283213     0.00473728
   196     0.71075330     0.00473627
   197     0.70867024     0.00473533
   198     0.70658283     0.00473444
   199     0.70449099     0.00473359
   200     0.70239462     0.00473278
   201     0.70029364     0.00473199
   202     0.69818797     0.00473121
   203     0.69607756     0.00473043
   204     0.69396235     0.00472964
   205     0.69184229     0.00472884
   206     0.68971732     0.00472801
   207     0.68758743     0.00472715
   208     0.68545259     0.00472625
   209     0.68331278     0.00472531
   210     0.68116804     0.00472433
   211     0.67901835     0.00472330
   212     0.67686377     0.00472222
   213     0.67470431     0.00472109
   214     0.67254004     0.00471992
   215     0.67037102     0.00471871
   216     0.66819735     0.00471747
   217     0.66601910     0.00471619
   218     0.66383640     0.00471489
   219     0.66164937     0.00471357
   220     0.65945814     0.00471225
   221     0.65726284     0.00471094
   222     0.65506369     0.00470964
   223     0.65286081     0.00470838
   224     0.65065442     0.00470715
   225     0.64844474     0.00470598
   226     0.64623194     0.00470487
   227     0.64401627     0.00470385
   228     0.64179799     0.00470293
   229     0.63957733     0.00470211
   230     0.63735453     0.00470142
   231     0.63512990     0.00470086
   232     0.63290367     0.00470045
   233     0.63067614     0.00470021
   234     0.62844763     0.00470013
   235     0.62621839     0.00470023
   236     0.62398876     0.00470053
   237     0.62175901     0.00470103
   238     0.61952948     0.00470173
   239     0.61730044     0.00470264
   240     0.61507222     0.00470377
   241     0.61284513     0.00470512
   242     0.61061946     0.00470669
   243     0.60839554     0.00470848
   244     0.60617364     0.00471049
   245     0.60395408     0.00471272
   246     0.60173711     0.00471516
   247     0.59952306     0.00471781
   248     0.59731217     0.00472065
   249     0.59510474     0.00472369
   250     0.59290097     0.00472692
   251     0.59070115     0.00473031
   252     0.58850550     0.00473387
   253     0.58631422     0.00473757
   254     0.58412755     0.00474141
   255     0.58194567     0.00474537
   256     0.57976876     0.00474943
   257     0.57759699     0.00475359
   258     0.57543049     0.00475782
   259     0.57326943     0.00476211
   260     0.57111390     0.00476643
   261     0.56896404     0.00477079
   262     0.56681989     0.00477516
   263     0.56468156     0.00477952
   264     0.56254909     0.00478385
   265     0.56042251     0.00478816
   266     0.55830187     0.00479241
   267     0.55618716     0.00479659
   268     0.55407840     0.00480070
   269     0.55197555     0.00480472
   270     0.54987857     0.00480864
   271     0.54778743     0.00481244
   272     0.54570205     0.00481613
   273     0.54362240     0.00481968
   274     0.54154834     0.00482310
   275     0.53947982     0.00482637
   276     0.53741672     0.00482950
   277     0.53535894     0.00483247
   278     0.53330633     0.00483529
   279     0.53125878     0.00483796
   280     0.52921618     0.00484047
   281     0.52717835     0.00484282
   282     0.52514518     0.00484503
   283     0.52311652     0.00484708
   284     0.52109220     0.00484898
   285     0.51907209     0.00485075
   286     0.51705605     0.00485238
   287     0.51504392     0.00485388
   288     0.51303555     0.00485526
   289     0.51103079     0.00485652
   290     0.50902953     0.00485768
   291     0.50703160     0.00485875
   292     0.50503688     0.00485973
   293     0.50304526     0.00486063
   294     0.50105661     0.00486147
   295     0.49907083     0.00486226
   296     0.49708779     0.00486301
   297     0.49510744     0.00486372
   298     0.49312965     0.00486441
   299     0.49115436     0.00486510
   300     0.48918153     0.00486579
   301     0.48721105     0.00486649
   302     0.48524292     0.00486721
   303     0.48327708     0.00486798
   304     0.48131349     0.00486878
   305     0.47935217     0.00486965
   306     0.47739308     0.00487058
   307     0.47543624     0.00487158
   308     0.47348165     0.00487267
   309     0.47152935     0.00487384
   310     0.46957935     0.00487512
   311     0.46763169     0.00487650
   312     0.46568644     0.00487800
   313     0.46374365     0.00487961
   314     0.46180336     0.00488134
   315     0.45986565     0.00488319
   316     0.45793060     0.00488518
   317     0.45599829     0.00488729
   318     0.45406881     0.00488953
   319     0.45214223     0.00489191
   320     0.45021867     0.00489441
   321     0.44829820     0.00489704
   322     0.44638094     0.00489980
   323     0.44446696     0.00490268
   324     0.44255641     0.00490567
   325     0.44064932     0.00490878
   326     0.43874586     0.00491198
   327     0.43684606     0.00491529
   328     0.43495007     0.00491868
   329     0.43305796     0.00492215
   330     0.43116983     0.00492568
   331     0.42928575     0.00492927
   332     0.42740581     0.00493291
   333     0.42553009     0.00493658
   334     0.42365866     0.00494026
   335     0.42179158     0.00494395
   336     0.41992894     0.00494763
   337     0.41807077     0.00495129
   338     0.41621713     0.00495490
   339     0.41436804     0.00495846
   340     0.41252358     0.00496195
   341     0.41068378     0.00496536
   342     0.40884863     0.00496866
   343     0.40701816     0.00497185
   344     0.40519240     0.00497491
   345     0.40337136     0.00497781
   346     0.40155503     0.00498056
   347     0.39974342     0.00498314
   348     0.39793649     0.00498553
   349     0.39613426     0.00498772
   350     0.39433671     0.00498969
   351     0.39254382     0.00499145
   352     0.39075557     0.00499298
   353     0.38897190     0.00499427
   354     0.38719283     0.00499532
   355     0.38541830     0.00499611
   356     0.38364828     0.00499665
   357     0.38188275     0.00499694
   358     0.38012168     0.00499696
   359     0.37836502     0.00499673
   360     0.37661275     0.00499624
   361     0.37486482     0.00499550
   362     0.37312124     0.00499451
   363     0.37138195     0.00499328
   364     0.36964696     0.00499182
   365     0.36791623     0.00499013
   366     0.36618973     0.00498823
   367     0.36446747     0.00498613
   368     0.36274945     0.00498385
   369     0.36103563     0.00498139
   370     0.35932606     0.00497877
   371     0.35762070     0.00497602
   372     0.35591959     0.00497315
   373     0.35422275     0.00497017
   374     0.35253020     0.00496712
   375     0.35084195     0.00496400
   376     0.34915807     0.00496084
   377     0.34747856     0.00495766
   378     0.34580349     0.00495447
   379     0.34413290     0.00495131
   380     0.34246685     0.00494819
   381     0.34080541     0.00494513
   382     0.33914862     0.00494214
   383     0.33749656     0.00493925
   384     0.33584931     0.00493647
   385     0.33420694     0.00493383
   386     0.33256951     0.00493133
   387     0.33093712     0.00492899
   388     0.32930985     0.00492682
   389     0.32768777     0.00492483
   390     0.32607098     0.00492303
   391     0.32445954     0.00492144
   392     0.32285355     0.00492005
   393     0.32125309     0.00491887
   394     0.31965823     0.00491791
   395     0.31806906     0.00491717
   396     0.31648564     0.00491665
   397     0.31490805     0.00491635
   398     0.31333636     0.00491626
   399     0.31177061     0.00491639
   400     0.31021091     0.00491673
   401     0.30865724     0.00491728
   402     0.30710971     0.00491803
   403     0.30556831     0.00491897
   404     0.30403311     0.00492010
   405     0.30250412     0.00492141
   406     0.30098137     0.00492289
   407     0.29946483     0.00492454
   408     0.29795457     0.00492634
   409     0.29645054     0.00492830
   410     0.29495274     0.00493039
   411     0.29346113     0.00493262
   412     0.29197573     0.00493498
   413     0.29049647     0.00493746
   414     0.28902329     0.00494005
   415     0.28755619     0.00494275
   416     0.28609505     0.00494555
   417     0.28463986     0.00494845
   418     0.28319053     0.00495144
   419     0.28174697     0.00495453
   420     0.28030912     0.00495769
   421     0.27887687     0.00496094
   422     0.27745011     0.00496428
   423     0.27602878     0.00496769
   424     0.27461276     0.00497118
   425     0.27320195     0.00497475
   426     0.27179623     0.00497839
   427     0.27039550     0.00498211
   428     0.26899965     0.00498591
   429     0.26760856     0.00498979
   430     0.26622213     0.00499376
   431     0.26484024     0.00499780
   432     0.26346278     0.00500193
   433     0.26208966     0.00500615
   434     0.26072075     0.00501045
   435     0.25935596     0.00501486
   436     0.25799520     0.00501936
   437     0.25663837     0.00502396
   438     0.25528539     0.00502867
   439     0.25393616     0.00503349
   440     0.25259062     0.00503843
   441     0.25124869     0.00504349
   442     0.24991033     0.00504867
   443     0.24857546     0.00505399
   444     0.24724405     0.00505944
   445     0.24591605     0.00506504
   446     0.24459142     0.00507078
   447     0.24327017     0.00507667
   448     0.24195225     0.00508271
   449     0.24063767     0.00508892
   450     0.23932644     0.00509528
   451     0.23801854     0.00510180
   452     0.23671402     0.00510849
   453     0.23541290     0.00511534
   454     0.23411521     0.00512235
   455     0.23282099     0.00512952
   456     0.23153027     0.00513685
   457     0.23024316     0.00514431
   458     0.22895966     0.00515192
   459     0.22767987     0.00515966
   460     0.22640386     0.00516752
   461     0.22513172     0.00517548
   462     0.22386350     0.00518353
   463     0.22259932     0.00519166
   464     0.22133924     0.00519984
   465     0.22008337     0.00520805
   466     0.21883180     0.00521628
   467     0.21758462     0.00522450
   468     0.21634193     0.00523269
   469     0.21510382     0.00524082
   470     0.21387038     0.00524886
   471     0.21264169     0.00525680
   472     0.21141787     0.00526461
   473     0.21019898     0.00527226
   474     0.20898512     0.00527973
   475     0.20777636     0.00528699
   476     0.20657278     0.00529402
   477     0.20537445     0.00530081
   478     0.20418142     0.00530733
   479     0.20299376     0.00531356
   480     0.20181152     0.00531950
   481     0.20063473     0.00532513
   482     0.19946345     0.00533045
   483     0.19829769     0.00533544
   484     0.19713748     0.00534011
   485     0.19598285     0.00534445
   486     0.19483379     0.00534848
   487     0.19369029     0.00535220
   488     0.19255236     0.00535562
   489     0.19141998     0.00535876
   490     0.19029313     0.00536163
   491     0.18917177     0.00536426
   492     0.18805586     0.00536667
   493     0.18694538     0.00536888
   494     0.18584025     0.00537092
   495     0.18474041     0.00537282
   496     0.18364583     0.00537462
   497     0.18255642     0.00537635
   498     0.18147211     0.00537803
   499     0.18039282     0.00537971
   500     0.17931848     0.00538142
   501     0.17824900     0.00538319
   502     0.17718429     0.00538504
   503     0.17612428     0.00538703
   504     0.17506887     0.00538916
   505     0.17401797     0.00539148
   506     0.17297148     0.00539401
   507     0.17192935     0.00539677
   508     0.17089146     0.00539979
   509     0.16985776     0.00540308
   510     0.16882813     0.00540666
   511     0.16780250     0.00541055
   512     0.16678084     0.00541475
   513     0.16576303     0.00541929
   514     0.16474904     0.00542416
   515     0.16373879     0.00542938
   516     0.16273225     0.00543494
   517     0.16172935     0.00544084
   518     0.16073008     0.00544710
   519     0.15973438     0.00545370
   520     0.15874225     0.00546065
   521     0.15775366     0.00546795
   522     0.15676861     0.00547558
   523     0.15578709     0.00548356
   524     0.15480911     0.00549187
   525     0.15383469     0.00550051
   526     0.15286385     0.00550948
   527     0.15189663     0.00551878
   528     0.15093305     0.00552841
   529     0.14997317     0.00553836
   530     0.14901703     0.00554864
   531     0.14806471     0.00555924
   532     0.14711625     0.00557016
   533     0.14617175     0.00558140
   534     0.14523126     0.00559297
   535     0.14429488     0.00560487
   536     0.14336269     0.00561709
   537     0.14243479     0.00562963
   538     0.14151126     0.00564249
   539     0.14059220     0.00565568
   540     0.13967772     0.00566919
   541     0.13876791     0.00568301
   542     0.13786288     0.00569714
   543     0.13696271     0.00571157
   544     0.13606753     0.00572630
   545     0.13517742     0.00574131
   546     0.13429247     0.00575659
   547     0.13341280     0.00577213
   548     0.13253849     0.00578790
   549     0.13166961     0.00580390
   550     0.13080627     0.00582009
   551     0.12994853     0.00583647
   552     0.12909647     0.00585300
   553     0.12825016     0.00586966
   554     0.12740965     0.00588643
   555     0.12657500     0.00590327
   556     0.12574625     0.00592016
   557     0.12492345     0.00593707
   558     0.12410661     0.00595398
   559     0.12329577     0.00597085
   560     0.12249093     0.00598766
   561     0.12169210     0.00600437
   562     0.12089928     0.00602097
   563     0.12011245     0.00603743
   564     0.11933159     0.00605373
   565     0.11855668     0.00606985
   566     0.11778767     0.00608576
   567     0.11702451     0.00610145
   568     0.11626716     0.00611691
   569     0.11551554     0.00613213
   570     0.11476960     0.00614710
   571     0.11402925     0.00616180
   572     0.11329441     0.00617625
   573     0.11256499     0.00619044
   574     0.11184089     0.00620437
   575     0.11112202     0.00621804
   576     0.11040827     0.00623148
   577     0.10969953     0.00624469
   578     0.10899569     0.00625768
   579     0.10829662     0.00627047
   580     0.10760223     0.00628309
   581     0.10691237     0.00629554
   582     0.10622695     0.00630787
   583     0.10554582     0.00632009
   584     0.10486888     0.00633223
   585     0.10419600     0.00634432
   586     0.10352707     0.00635639
   587     0.10286197     0.00636848
   588     0.10220059     0.00638061
   589     0.10154282     0.00639282
   590     0.10088854     0.00640515
   591     0.10023767     0.00641762
   592     0.09959009     0.00643028
   593     0.09894573     0.00644316
   594     0.09830449     0.00645630
   595     0.09766628     0.00646971
   596     0.09703105     0.00648345
   597     0.09639871     0.00649754
   598     0.09576921     0.00651201
   599     0.09514249     0.00652690
   600     0.09451850     0.00654222
   601     0.09389720     0.00655801
   602     0.09327856     0.00657429
   603     0.09266254     0.00659108
   604     0.09204913     0.00660840
   605     0.09143830     0.00662628
   606     0.09083007     0.00664472
   607     0.09022441     0.00666374
   608     0.08962134     0.00668335
   609     0.08902086     0.00670355
   610     0.08842299     0.00672437
   611     0.08782775     0.00674578
   612     0.08723517     0.00676781
   613     0.08664526     0.00679044
   614     0.08605808     0.00681368
   615     0.08547364     0.00683751
   616     0.08489200     0.00686194
   617     0.08431319     0.00688694
   618     0.08373724     0.00691251
   619     0.08316422     0.00693864
   620     0.08259416     0.00696531
   621     0.08202711     0.00699251
   622     0.08146311     0.00702022
   623     0.08090220     0.00704842
   624     0.08034444     0.00707710
   625     0.07978985     0.00710623
   626     0.07923848     0.00713580
   627     0.07869037     0.00716578
   628     0.07814554     0.00719616
   629     0.07760403     0.00722692
   630     0.07706587     0.00725803
   631     0.07653107     0.00728948
   632     0.07599965     0.00732124
   633     0.07547163     0.00735329
   634     0.07494702     0.00738561
   635     0.07442581     0.00741817
   636     0.07390802     0.00745096
   637     0.07339362     0.00748395
   638     0.07288262     0.00751712
   639     0.07237499     0.00755044
   640     0.07187071     0.00758388
   641     0.07136975     0.00761743
   642     0.07087209     0.00765106
   643     0.07037768     0.00768473
   644     0.06988650     0.00771843
   645     0.06939848     0.00775212
   646     0.06891358     0.00778579
   647     0.06843176     0.00781939
   648     0.06795294     0.00785291
   649     0.06747709     0.00788633
   650     0.06700412     0.00791960
   651     0.06653398     0.00795272
   652     0.06606661     0.00798565
   653     0.06560193     0.00801839
   654     0.06513988     0.00805090
   655     0.06468039     0.00808318
   656     0.06422339     0.00811521
   657     0.06376881     0.00814698
   658     0.06331658     0.00817849
   659     0.06286664     0.00820974
   660     0.06241892     0.00824073
   661     0.06197336     0.00827146
   662     0.06152990     0.00830196
   663     0.06108849     0.00833224
   664     0.06064906     0.00836231
   665     0.06021156     0.00839222
   666     0.05977596     0.00842199
   667     0.05934220     0.00845165
   668     0.05891025     0.00848125
   669     0.05848007     0.00851083
   670     0.05805164     0.00854044
   671     0.05762492     0.00857013
   672     0.05719991     0.00859996
   673     0.05677658     0.00862998
   674     0.05635492     0.00866024
   675     0.05593494     0.00869081
   676     0.05551662     0.00872174
   677     0.05509998     0.00875308
   678     0.05468502     0.00878488
   679     0.05427176     0.00881721
   680     0.05386021     0.00885011
   681     0.05345041     0.00888361
   682     0.05304236     0.00891777
   683     0.05263611     0.00895262
   684     0.05223169     0.00898818
   685     0.05182912     0.00902449
   686     0.05142846     0.00906157
   687     0.05102974     0.00909944
   688     0.05063299     0.00913809
   689     0.05023827     0.00917755
   690     0.04984562     0.00921782
   691     0.04945508     0.00925888
   692     0.04906670     0.00930075
   693     0.04868051     0.00934340
   694     0.04829657     0.00938684
   695     0.04791490     0.00943104
   696     0.04753556     0.00947601
   697     0.04715858     0.00952172
   698     0.04678400     0.00956817
   699     0.04641184     0.00961534
   700     0.04604213     0.00966324
   701     0.04567490     0.00971186
   702     0.04531017     0.00976119
   703     0.04494796     0.00981123
   704     0.04458827     0.00986200
   705     0.04423113     0.00991350
   706     0.04387652     0.00996574
   707     0.04352445     0.01001874
   708     0.04317492     0.01007252
   709     0.04282790     0.01012709
   710     0.04248339     0.01018249
   711     0.04214135     0.01023874
   712     0.04180178     0.01029586
   713     0.04146462     0.01035388
   714     0.04112985     0.01041282
   715     0.04079743     0.01047271
   716     0.04046731     0.01053357
   717     0.04013945     0.01059542
   718     0.03981378     0.01065828
   719     0.03949026     0.01072215
   720     0.03916883     0.01078704
   721     0.03884942     0.01085294
   722     0.03853198     0.01091986
   723     0.03821643     0.01098778
   724     0.03790271     0.01105669
   725     0.03759075     0.01112656
   726     0.03728049     0.01119736
   727     0.03697185     0.01126907
   728     0.03666477     0.01134164
   729     0.03635918     0.01141503
   730     0.03605502     0.01148921
   731     0.03575223     0.01156412
   732     0.03545073     0.01163973
   733     0.03515049     0.01171599
   734     0.03485143     0.01179287
   735     0.03455352     0.01187032
   736     0.03425671     0.01194832
   737     0.03396094     0.01202684
   738     0.03366620     0.01210587
   739     0.03337245     0.01218539
   740     0.03307965     0.01226540
   741     0.03278780     0.01234592
   742     0.03249688     0.01242697
   743     0.03220688     0.01250858
   744     0.03191779     0.01259079
   745     0.03162964     0.01267366
   746     0.03134241     0.01275726
   747     0.03105615     0.01284166
   748     0.03077087     0.01292695
   749     0.03048659     0.01301322
   750     0.03020337     0.01310058
   751     0.02992125     0.01318914
   752     0.02964026     0.01327902
   753     0.02936048     0.01337033
   754     0.02908196     0.01346319
   755     0.02880476     0.01355773
   756     0.02852896     0.01365406
   757     0.02825464     0.01375229
   758     0.02798186     0.01385255
   759     0.02771073     0.01395491
   760     0.02744131     0.01405949
   761     0.02717370     0.01416636
   762     0.02690799     0.01427558
   763     0.02664427     0.01438721
   764     0.02638263     0.01450130
   765     0.02612316     0.01461787
   766     0.02586596     0.01473692
   767     0.02561112     0.01485845
   768     0.02535872     0.01498244
   769     0.02510886     0.01510885
   770     0.02486161     0.01523762
   771     0.02461707     0.01536870
   772     0.02437530     0.01550199
   773     0.02413638     0.01563741
   774     0.02390038     0.01577486
   775     0.02366737     0.01591423
   776     0.02343739     0.01605539
   777     0.02321051     0.01619822
   778     0.02298676     0.01634260
   779     0.02276618     0.01648840
   780     0.02254880     0.01663549
   781     0.02233465     0.01678374
   782     0.02212374     0.01693303
   783     0.02191608     0.01708324
   784     0.02171167     0.01723426
   785     0.02151049     0.01738599
   786     0.02131253     0.01753833
   787     0.02111776     0.01769120
   788     0.02092615     0.01784452
   789     0.02073766     0.01799823
   790     0.02055223     0.01815229
   791     0.02036981     0.01830666
   792     0.02019034     0.01846132
   793     0.02001373     0.01861625
   794     0.01983991     0.01877147
   795     0.01966879     0.01892698
   796     0.01950028     0.01908282
   797     0.01933428     0.01923902
   798     0.01917069     0.01939565
   799     0.01900939     0.01955277
   800     0.01885027     0.01971046
   801     0.01869322     0.01986880
   802     0.01853810     0.02002789
   803     0.01838481     0.02018784
   804     0.01823322     0.02034876
   805     0.01808319     0.02051078
   806     0.01793460     0.02067403
   807     0.01778732     0.02083864
   808     0.01764123     0.02100476
   809     0.01749619     0.02117253
   810     0.01735209     0.02134212
   811     0.01720879     0.02151369
   812     0.01706618     0.02168739
   813     0.01692415     0.02186341
   814     0.01678257     0.02204190
   815     0.01664135     0.02222304
   816     0.01650037     0.02240702
   817     0.01635955     0.02259402
   818     0.01621878     0.02278421
   819     0.01607799     0.02297778
   820     0.01593709     0.02317492
   821     0.01579602     0.02337581
   822     0.01565470     0.02358064
   823     0.01551308     0.02378959
   824     0.01537112     0.02400284
   825     0.01522877     0.02422059
   826     0.01508600     0.02444299
   827     0.01494278     0.02467024
   828     0.01479909     0.02490249
   829     0.01465494     0.02513992
   830     0.01451032     0.02538267
   831     0.01436523     0.02563090
   832     0.01421970     0.02588474
   833     0.01407374     0.02614433
   834     0.01392739     0.02640978
   835     0.01378069     0.02668120
   836     0.01363369     0.02695868
   837     0.01348643     0.02724230
   838     0.01333897     0.02753212
   839     0.01319138     0.02782820
   840     0.01304374     0.02813056
   841     0.01289610     0.02843920
   842     0.01274857     0.02875414
   843     0.01260122     0.02907533
   844     0.01245414     0.02940275
   845     0.01230741     0.02973631
   846     0.01216115     0.03007595
   847     0.01201544     0.03042156
   848     0.01187037     0.03077303
   849     0.01172606     0.03113020
   850     0.01158260     0.03149293
   851     0.01144009     0.03186104
   852     0.01129863     0.03223434
   853     0.01115831     0.03261264
   854     0.01101925     0.03299572
   855     0.01088152     0.03338334
   856     0.01074523     0.03377528
   857     0.01061047     0.03417129
   858     0.01047732     0.03457112
   859     0.01034586     0.03497453
   860     0.01021618     0.03538127
   861     0.01008835     0.03579109
   862     0.00996244     0.03620374
   863     0.00983852     0.03661900
   864     0.00971664     0.03703666
   865     0.00959687     0.03745649
   866     0.00947925     0.03787833
   867     0.00936382     0.03830199
   868     0.00925062     0.03872735
   869     0.00913969     0.03915429
   870     0.00903105     0.03958271
   871     0.00892472     0.04001258
   872     0.00882071     0.04044388
   873     0.00871903     0.04087662
   874     0.00861968     0.04131085
   875     0.00852266     0.04174669
   876     0.00842795     0.04218427
   877     0.00833554     0.04262376
   878     0.00824542     0.04306540
   879     0.00815754     0.04350944
   880     0.00807188     0.04395619
   881     0.00798840     0.04440599
   882     0.00790706     0.04485921
   883     0.00782781     0.04531628
   884     0.00775061     0.04577762
   885     0.00767539     0.04624371
   886     0.00760211     0.04671504
   887     0.00753069     0.04719211
   888     0.00746108     0.04767545
   889     0.00739321     0.04816558
   890     0.00732701     0.04866304
   891     0.00726241     0.04916833
   892     0.00719933     0.04968198
   893     0.00713771     0.05020447
   894     0.00707746     0.05073629
   895     0.00701852     0.05127787
   896     0.00696079     0.05182963
   897     0.00690422     0.05239193
   898     0.00684872     0.05296511
   899     0.00679421     0.05354945
   900     0.00674062     0.05414519
   901     0.00668788     0.05475251
   902     0.00663590     0.05537156
   903     0.00658463     0.05600242
   904     0.00653398     0.05664513
   905     0.00648389     0.05729968
   906     0.00643430     0.05796602
   907     0.00638512     0.05864405
   908     0.00633631     0.05933366
   909     0.00628780     0.06003467
   910     0.00623953     0.06074690
   911     0.00619144     0.06147017
   912     0.00614349     0.06220425
   913     0.00609561     0.06294893
   914     0.00604776     0.06370401
   915     0.00599990     0.06446926
   916     0.00595198     0.06524453
   917     0.00590396     0.06602965
   918     0.00585580     0.06682450
   919     0.00580746     0.06762898
   920     0.00575892     0.06844305
   921     0.00571014     0.06926670
   922     0.00566109     0.07009999
   923     0.00561176     0.07094301
   924     0.00556211     0.07179593
   925     0.00551212     0.07265894
   926     0.00546179     0.07353232
   927     0.00541108     0.07441638
   928     0.00536000     0.07531148
   929     0.00530852     0.07621803
   930     0.00525664     0.07713649
   931     0.00520436     0.07806733
   932     0.00515166     0.07901108
   933     0.00509855     0.07996826
   934     0.00504502     0.08093943
   935     0.00499108     0.08192515
   936     0.00493672     0.08292596
   937     0.00488195     0.08394242
   938     0.00482679     0.08497506
   939     0.00477123     0.08602439
   940     0.00471528     0.08709086
   941     0.00465896     0.08817494
   942     0.00460227     0.08927699
   943     0.00454524     0.09039738
   944     0.00448788     0.09153640
   945     0.00443020     0.09269428
   946     0.00437222     0.09387121
   947     0.00431396     0.09506734
   948     0.00425544     0.09628272
   949     0.00419668     0.09751741
   950     0.00413771     0.09877137
   951     0.00407854     0.10004456
   952     0.00401921     0.10133686
   953     0.00395974     0.10264817
   954     0.00390016     0.10397834
   955     0.00384049     0.10532721
   956     0.00378076     0.10669463
   957     0.00372101     0.10808045
   958     0.00366126     0.10948452
   959     0.00360155     0.11090673
   960     0.00354190     0.11234702
   961     0.00348235     0.11380536
   962     0.00342293     0.11528178
   963     0.00336368     0.11677636
   964     0.00330462     0.11828929
   965     0.00324580     0.11982080
   966     0.00318724     0.12137123
   967     0.00312899     0.12294102
   968     0.00307107     0.12453068
   969     0.00301352     0.12614086
   970     0.00295637     0.12777230
   971     0.00289966     0.12942582
   972     0.00284342     0.13110241
   973     0.00278767     0.13280313
   974     0.00273247     0.13452913
   975     0.00267782     0.13628170
   976     0.00262377     0.13806221
   977     0.00257034     0.13987212
   978     0.00251756     0.14171298
   979     0.00246545     0.14358644
   980     0.00241405     0.14549421
   981     0.00236336     0.14743802
   982     0.00231343     0.14941971
   983     0.00226425     0.15144114
   984     0.00221586     0.15350421
   985     0.00216827     0.15561078
   986     0.00212149     0.15776280
   987     0.00207554     0.15996216
   988     0.00203042     0.16221073
   989     0.00198614     0.16451038
   990     0.00194271     0.16686292
   991     0.00190013     0.16927010
   992     0.00185840     0.17173362
   993     0.00181752     0.17425509
   994     0.00177749     0.17683609
   995     0.00173830     0.17947805
   996     0.00169993     0.18218236
   997     0.00166239     0.18495026
   998     0.00162566     0.18778297
   999     0.00158973     0.19068155
  1000     0.00155457     0.19364697
  1001     0.00152017     0.19668013
  1002     0.00148651     0.19978182
  1003     0.00145358     0.20295277
  1004     0.00142133     0.20619361
  1005     0.00138976     0.20950493
  1006     0.00135884     0.21288723
  1007     0.00132853     0.21634099
  1008     0.00129882     0.21986668
  1009     0.00126967     0.22346471
  1010     0.00124106     0.22713554
  1011     0.00121296     0.23087962
  1012     0.00118534     0.23469743
  1013     0.00115817     0.23858954
  1014     0.00113142     0.24255656
  1015     0.00110508     0.24659920
  1016     0.00107910     0.25071827
  1017     0.00105346     0.25491470
  1018     0.00102815     0.25918964
  1019     0.00100313     0.26354426
  1020     0.00097839     0.26798001
  1021     0.00095391     0.27249846
  1022     0.00092966     0.27710146
  1023     0.00090564     0.28179100
  1024     0.00088183     0.28656930
  1025     0.00085822     0.29143885
  1026     0.00083479     0.29640231
  1027     0.00081156     0.30146259
  1028     0.00078850     0.30662292
  1029     0.00076561     0.31188664
  1030     0.00074292     0.31725740
  1031     0.00072040     0.32273912
  1032     0.00069808     0.32833585
  1033     0.00067596     0.33405194
  1034     0.00065406     0.33989185
  1035     0.00063239     0.34586039
  1036     0.00061097     0.35196245
  1037     0.00058981     0.35820308
  1038     0.00056895     0.36458760
  1039     0.00054841     0.37112135
  1040     0.00052821     0.37780988
  1041     0.00050839     0.38465884
  1042     0.00048897     0.39167398
  1043     0.00046999     0.39886117
  1044     0.00045148     0.40622628
  1045     0.00043348     0.41377532
  1046     0.00041602     0.42151436
  1047     0.00039914     0.42944941
  1048     0.00038287     0.43758661
  1049     0.00036726     0.44593206
  1050     0.00035234     0.45449194
  1051     0.00033814     0.46327236
  1052     0.00032470     0.47227946
  1053     0.00031205     0.48151946
  1054     0.00030024     0.49099845
  1055     0.00028928     0.50072259
  1056     0.00027921     0.51069802
  1057     0.00027006     0.52093101
  1058     0.00026185     0.53142756
  1059     0.00025461     0.54219395
  1060     0.00024835     0.55323631
  1061     0.00024308     0.56456089
  1062     0.00023883     0.57617396
  1063     0.00023560     0.58808178
  1064     0.00023340     0.60029066
  1065     0.00023222     0.61280704
  1066     0.00023207     0.62563735
  1067     0.00023295     0.63878816
  1068     0.00023483     0.65226614
  1069     0.00023770     0.66607815
  1070     0.00024155     0.68023103
  1071     0.00024636     0.69473201
  1072     0.00025208     0.70958829
  1073     0.00025870     0.72480750
  1074     0.00026617     0.74039751
  1075     0.00027446     0.75636637
  1076     0.00028352     0.77272272
  1077     0.00029330     0.78947544
  1078     0.00030375     0.80663407
  1079     0.00031481     0.82420856
  1080     0.00032642     0.84220964
  1081     0.00033853     0.86064869
  1082     0.00035107     0.87953800
  1083     0.00036397     0.89889073
  1084     0.00037716     0.91872114
  1085     0.00039057     0.93904465
  1086     0.00040413     0.95987815
  1087     0.00041776     0.98123980
  1088     0.00043138     1.00314963
  1089     0.00044493     1.02562916
  1090     0.00045832     1.04870212
  1091     0.00047148     1.07239449
  1092     0.00048434     1.09673429
  1093     0.00049681     1.12175238
  1094     0.00050884     1.14748251
  1095     0.00052034     1.17396092
  1096     0.00053125     1.20122778
  1097     0.00054149     1.22932613
  1098     0.00055102     1.25830340
  1099     0.00055976     1.28821051
  1100     0.00056766     1.31910300
