# Wilkinson Microwave Anisotropy Probe (WMAP) 9 year data release, version 5.1
# Beam Transfer Function (amplitude) for differencing assembly V1,
# normalized to 1.0 at l=1.  The window function is the square of the
# beam transfer function.
# Reference = WMAP Explanatory Supplement: http://lambda.gsfc.nasa.gov/
# Column 1 = multipole moment l
# Column 2 = beam transfer function (amplitude), dimensionless units.
# Column 3 = 1-sigma frectional error,  delta_b_l / b_l.  See 
#             Hill et al. 2009 ApJ 180,246 for a detailed discussion of 
#             error computation.
# 
     0     1.00001900     0.00000359
     1     1.00000000     0.00000000
     2     0.99996201     0.00000717
     3     0.99990506     0.00001790
     4     0.99982915     0.00003218
     5     0.99973433     0.00004997
     6     0.99962063     0.00007126
     7     0.99948813     0.00009599
     8     0.99933686     0.00012411
     9     0.99916688     0.00015559
    10     0.99897828     0.00019035
    11     0.99877113     0.00022834
    12     0.99854554     0.00026948
    13     0.99830158     0.00031370
    14     0.99803937     0.00036091
    15     0.99775902     0.00041103
    16     0.99746065     0.00046396
    17     0.99714438     0.00051961
    18     0.99681035     0.00057788
    19     0.99645867     0.00063865
    20     0.99608952     0.00070183
    21     0.99570302     0.00076729
    22     0.99529936     0.00083492
    23     0.99487866     0.00090459
    24     0.99444111     0.00097619
    25     0.99398688     0.00104958
    26     0.99351614     0.00112463
    27     0.99302908     0.00120122
    28     0.99252588     0.00127921
    29     0.99200671     0.00135846
    30     0.99147178     0.00143885
    31     0.99092128     0.00152022
    32     0.99035541     0.00160245
    33     0.98977437     0.00168540
    34     0.98917836     0.00176893
    35     0.98856758     0.00185290
    36     0.98794225     0.00193717
    37     0.98730256     0.00202161
    38     0.98664875     0.00210609
    39     0.98598099     0.00219047
    40     0.98529952     0.00227463
    41     0.98460455     0.00235842
    42     0.98389628     0.00244174
    43     0.98317493     0.00252445
    44     0.98244072     0.00260643
    45     0.98169383     0.00268757
    46     0.98093450     0.00276776
    47     0.98016295     0.00284688
    48     0.97937934     0.00292483
    49     0.97858393     0.00300150
    50     0.97777688     0.00307681
    51     0.97695842     0.00315065
    52     0.97612875     0.00322294
    53     0.97528806     0.00329360
    54     0.97443655     0.00336254
    55     0.97357442     0.00342970
    56     0.97270185     0.00349501
    57     0.97181902     0.00355840
    58     0.97092616     0.00361982
    59     0.97002340     0.00367922
    60     0.96911094     0.00373654
    61     0.96818897     0.00379175
    62     0.96725764     0.00384482
    63     0.96631714     0.00389570
    64     0.96536762     0.00394439
    65     0.96440925     0.00399085
    66     0.96344217     0.00403507
    67     0.96246657     0.00407706
    68     0.96148258     0.00411679
    69     0.96049033     0.00415427
    70     0.95949001     0.00418952
    71     0.95848172     0.00422254
    72     0.95746561     0.00425334
    73     0.95644182     0.00428194
    74     0.95541046     0.00430838
    75     0.95437169     0.00433268
    76     0.95332558     0.00435487
    77     0.95227231     0.00437499
    78     0.95121195     0.00439307
    79     0.95014463     0.00440917
    80     0.94907046     0.00442332
    81     0.94798954     0.00443559
    82     0.94690197     0.00444600
    83     0.94580786     0.00445464
    84     0.94470731     0.00446154
    85     0.94360040     0.00446677
    86     0.94248723     0.00447039
    87     0.94136787     0.00447246
    88     0.94024245     0.00447305
    89     0.93911101     0.00447221
    90     0.93797365     0.00447002
    91     0.93683044     0.00446654
    92     0.93568149     0.00446183
    93     0.93452683     0.00445596
    94     0.93336657     0.00444901
    95     0.93220076     0.00444103
    96     0.93102948     0.00443209
    97     0.92985279     0.00442226
    98     0.92867078     0.00441160
    99     0.92748350     0.00440018
   100     0.92629101     0.00438807
   101     0.92509340     0.00437531
   102     0.92389071     0.00436198
   103     0.92268300     0.00434814
   104     0.92147035     0.00433384
   105     0.92025282     0.00431914
   106     0.91903046     0.00430410
   107     0.91780334     0.00428877
   108     0.91657150     0.00427321
   109     0.91533504     0.00425746
   110     0.91409398     0.00424157
   111     0.91284841     0.00422559
   112     0.91159837     0.00420958
   113     0.91034392     0.00419356
   114     0.90908513     0.00417759
   115     0.90782206     0.00416171
   116     0.90655475     0.00414594
   117     0.90528329     0.00413034
   118     0.90400772     0.00411493
   119     0.90272810     0.00409974
   120     0.90144449     0.00408482
   121     0.90015696     0.00407018
   122     0.89886558     0.00405586
   123     0.89757039     0.00404188
   124     0.89627145     0.00402827
   125     0.89496883     0.00401504
   126     0.89366259     0.00400223
   127     0.89235281     0.00398984
   128     0.89103951     0.00397790
   129     0.88972280     0.00396642
   130     0.88840270     0.00395541
   131     0.88707932     0.00394489
   132     0.88575266     0.00393487
   133     0.88442284     0.00392535
   134     0.88308990     0.00391635
   135     0.88175389     0.00390786
   136     0.88041490     0.00389990
   137     0.87907297     0.00389246
   138     0.87772817     0.00388555
   139     0.87638056     0.00387916
   140     0.87503020     0.00387329
   141     0.87367715     0.00386794
   142     0.87232149     0.00386311
   143     0.87096326     0.00385878
   144     0.86960253     0.00385495
   145     0.86823936     0.00385161
   146     0.86687379     0.00384875
   147     0.86550592     0.00384636
   148     0.86413575     0.00384442
   149     0.86276339     0.00384292
   150     0.86138888     0.00384185
   151     0.86001228     0.00384119
   152     0.85863364     0.00384092
   153     0.85725300     0.00384103
   154     0.85587044     0.00384150
   155     0.85448599     0.00384230
   156     0.85309973     0.00384343
   157     0.85171168     0.00384487
   158     0.85032192     0.00384658
   159     0.84893046     0.00384856
   160     0.84753739     0.00385078
   161     0.84614274     0.00385323
   162     0.84474657     0.00385588
   163     0.84334889     0.00385871
   164     0.84194978     0.00386171
   165     0.84054926     0.00386486
   166     0.83914739     0.00386812
   167     0.83774422     0.00387150
   168     0.83633976     0.00387497
   169     0.83493407     0.00387850
   170     0.83352717     0.00388210
   171     0.83211912     0.00388573
   172     0.83070996     0.00388938
   173     0.82929971     0.00389304
   174     0.82788839     0.00389669
   175     0.82647607     0.00390032
   176     0.82506277     0.00390391
   177     0.82364850     0.00390746
   178     0.82223333     0.00391095
   179     0.82081726     0.00391438
   180     0.81940033     0.00391772
   181     0.81798258     0.00392098
   182     0.81656402     0.00392414
   183     0.81514468     0.00392720
   184     0.81372461     0.00393015
   185     0.81230381     0.00393298
   186     0.81088232     0.00393570
   187     0.80946015     0.00393829
   188     0.80803736     0.00394075
   189     0.80661393     0.00394309
   190     0.80518992     0.00394529
   191     0.80376535     0.00394735
   192     0.80234022     0.00394929
   193     0.80091456     0.00395109
   194     0.79948842     0.00395275
   195     0.79806178     0.00395428
   196     0.79663470     0.00395568
   197     0.79520719     0.00395696
   198     0.79377928     0.00395810
   199     0.79235097     0.00395912
   200     0.79092229     0.00396003
   201     0.78949327     0.00396081
   202     0.78806393     0.00396148
   203     0.78663430     0.00396204
   204     0.78520437     0.00396250
   205     0.78377420     0.00396286
   206     0.78234379     0.00396312
   207     0.78091317     0.00396329
   208     0.77948234     0.00396338
   209     0.77805136     0.00396338
   210     0.77662022     0.00396331
   211     0.77518896     0.00396317
   212     0.77375758     0.00396295
   213     0.77232614     0.00396268
   214     0.77089460     0.00396234
   215     0.76946305     0.00396195
   216     0.76803145     0.00396151
   217     0.76659987     0.00396103
   218     0.76516830     0.00396049
   219     0.76373678     0.00395992
   220     0.76230532     0.00395931
   221     0.76087393     0.00395866
   222     0.75944266     0.00395798
   223     0.75801150     0.00395727
   224     0.75658051     0.00395653
   225     0.75514966     0.00395575
   226     0.75371901     0.00395496
   227     0.75228857     0.00395413
   228     0.75085834     0.00395328
   229     0.74942835     0.00395240
   230     0.74799864     0.00395150
   231     0.74656920     0.00395056
   232     0.74514006     0.00394961
   233     0.74371124     0.00394862
   234     0.74228276     0.00394760
   235     0.74085462     0.00394656
   236     0.73942684     0.00394548
   237     0.73799947     0.00394438
   238     0.73657248     0.00394324
   239     0.73514592     0.00394206
   240     0.73371978     0.00394085
   241     0.73229409     0.00393961
   242     0.73086886     0.00393832
   243     0.72944409     0.00393700
   244     0.72801982     0.00393565
   245     0.72659604     0.00393425
   246     0.72517277     0.00393281
   247     0.72375002     0.00393133
   248     0.72232780     0.00392982
   249     0.72090612     0.00392827
   250     0.71948500     0.00392667
   251     0.71806443     0.00392505
   252     0.71664443     0.00392338
   253     0.71522500     0.00392169
   254     0.71380617     0.00391996
   255     0.71238792     0.00391820
   256     0.71097027     0.00391642
   257     0.70955324     0.00391461
   258     0.70813680     0.00391278
   259     0.70672100     0.00391094
   260     0.70530581     0.00390908
   261     0.70389125     0.00390722
   262     0.70247732     0.00390535
   263     0.70106403     0.00390348
   264     0.69965137     0.00390162
   265     0.69823938     0.00389977
   266     0.69682801     0.00389793
   267     0.69541731     0.00389612
   268     0.69400726     0.00389433
   269     0.69259788     0.00389257
   270     0.69118916     0.00389085
   271     0.68978111     0.00388917
   272     0.68837372     0.00388754
   273     0.68696703     0.00388596
   274     0.68556099     0.00388445
   275     0.68415565     0.00388299
   276     0.68275100     0.00388160
   277     0.68134704     0.00388029
   278     0.67994377     0.00387906
   279     0.67854120     0.00387790
   280     0.67713935     0.00387684
   281     0.67573820     0.00387586
   282     0.67433777     0.00387498
   283     0.67293806     0.00387419
   284     0.67153910     0.00387350
   285     0.67014087     0.00387292
   286     0.66874339     0.00387244
   287     0.66734666     0.00387206
   288     0.66595069     0.00387179
   289     0.66455550     0.00387164
   290     0.66316110     0.00387159
   291     0.66176747     0.00387165
   292     0.66037467     0.00387181
   293     0.65898266     0.00387209
   294     0.65759149     0.00387248
   295     0.65620116     0.00387297
   296     0.65481169     0.00387357
   297     0.65342307     0.00387428
   298     0.65203535     0.00387508
   299     0.65064850     0.00387599
   300     0.64926258     0.00387699
   301     0.64787758     0.00387809
   302     0.64649352     0.00387927
   303     0.64511043     0.00388054
   304     0.64372830     0.00388190
   305     0.64234715     0.00388333
   306     0.64096703     0.00388484
   307     0.63958793     0.00388642
   308     0.63820988     0.00388806
   309     0.63683288     0.00388976
   310     0.63545697     0.00389152
   311     0.63408217     0.00389333
   312     0.63270849     0.00389518
   313     0.63133595     0.00389707
   314     0.62996457     0.00389900
   315     0.62859436     0.00390095
   316     0.62722536     0.00390292
   317     0.62585757     0.00390491
   318     0.62449101     0.00390692
   319     0.62312574     0.00390892
   320     0.62176172     0.00391093
   321     0.62039899     0.00391293
   322     0.61903759     0.00391491
   323     0.61767752     0.00391688
   324     0.61631878     0.00391882
   325     0.61496143     0.00392073
   326     0.61360546     0.00392261
   327     0.61225089     0.00392445
   328     0.61089775     0.00392624
   329     0.60954604     0.00392798
   330     0.60819577     0.00392967
   331     0.60684698     0.00393129
   332     0.60549967     0.00393285
   333     0.60415386     0.00393434
   334     0.60280955     0.00393576
   335     0.60146677     0.00393710
   336     0.60012553     0.00393836
   337     0.59878582     0.00393954
   338     0.59744768     0.00394063
   339     0.59611110     0.00394163
   340     0.59477611     0.00394255
   341     0.59344271     0.00394336
   342     0.59211090     0.00394409
   343     0.59078070     0.00394472
   344     0.58945209     0.00394525
   345     0.58812513     0.00394569
   346     0.58679978     0.00394603
   347     0.58547606     0.00394627
   348     0.58415398     0.00394642
   349     0.58283354     0.00394648
   350     0.58151474     0.00394644
   351     0.58019759     0.00394631
   352     0.57888210     0.00394610
   353     0.57756826     0.00394580
   354     0.57625609     0.00394541
   355     0.57494557     0.00394495
   356     0.57363670     0.00394441
   357     0.57232951     0.00394380
   358     0.57102398     0.00394312
   359     0.56972010     0.00394238
   360     0.56841790     0.00394158
   361     0.56711737     0.00394073
   362     0.56581850     0.00393983
   363     0.56452129     0.00393889
   364     0.56322576     0.00393791
   365     0.56193189     0.00393691
   366     0.56063969     0.00393588
   367     0.55934917     0.00393483
   368     0.55806032     0.00393377
   369     0.55677313     0.00393271
   370     0.55548763     0.00393165
   371     0.55420379     0.00393059
   372     0.55292164     0.00392955
   373     0.55164117     0.00392854
   374     0.55036236     0.00392755
   375     0.54908525     0.00392659
   376     0.54780983     0.00392567
   377     0.54653610     0.00392480
   378     0.54526407     0.00392397
   379     0.54399372     0.00392321
   380     0.54272509     0.00392250
   381     0.54145818     0.00392187
   382     0.54019296     0.00392130
   383     0.53892947     0.00392081
   384     0.53766772     0.00392040
   385     0.53640770     0.00392008
   386     0.53514942     0.00391984
   387     0.53389289     0.00391969
   388     0.53263813     0.00391964
   389     0.53138513     0.00391968
   390     0.53013392     0.00391981
   391     0.52888447     0.00392005
   392     0.52763684     0.00392039
   393     0.52639101     0.00392082
   394     0.52514700     0.00392136
   395     0.52390481     0.00392200
   396     0.52266446     0.00392274
   397     0.52142597     0.00392357
   398     0.52018934     0.00392450
   399     0.51895457     0.00392553
   400     0.51772169     0.00392665
   401     0.51649069     0.00392786
   402     0.51526161     0.00392915
   403     0.51403442     0.00393053
   404     0.51280918     0.00393199
   405     0.51158585     0.00393352
   406     0.51036447     0.00393512
   407     0.50914505     0.00393679
   408     0.50792757     0.00393852
   409     0.50671208     0.00394031
   410     0.50549856     0.00394214
   411     0.50428701     0.00394402
   412     0.50307745     0.00394594
   413     0.50186989     0.00394788
   414     0.50066432     0.00394986
   415     0.49946073     0.00395186
   416     0.49825916     0.00395387
   417     0.49705960     0.00395588
   418     0.49586203     0.00395790
   419     0.49466645     0.00395992
   420     0.49347288     0.00396193
   421     0.49228131     0.00396391
   422     0.49109174     0.00396588
   423     0.48990413     0.00396782
   424     0.48871850     0.00396973
   425     0.48753485     0.00397160
   426     0.48635315     0.00397342
   427     0.48517340     0.00397520
   428     0.48399558     0.00397693
   429     0.48281968     0.00397859
   430     0.48164568     0.00398020
   431     0.48047357     0.00398174
   432     0.47930334     0.00398322
   433     0.47813495     0.00398462
   434     0.47696840     0.00398595
   435     0.47580364     0.00398721
   436     0.47464067     0.00398839
   437     0.47347947     0.00398948
   438     0.47231999     0.00399050
   439     0.47116221     0.00399144
   440     0.47000613     0.00399229
   441     0.46885167     0.00399306
   442     0.46769886     0.00399375
   443     0.46654762     0.00399436
   444     0.46539794     0.00399489
   445     0.46424979     0.00399534
   446     0.46310313     0.00399571
   447     0.46195793     0.00399600
   448     0.46081416     0.00399622
   449     0.45967177     0.00399637
   450     0.45853075     0.00399646
   451     0.45739104     0.00399648
   452     0.45625262     0.00399643
   453     0.45511545     0.00399633
   454     0.45397950     0.00399618
   455     0.45284474     0.00399598
   456     0.45171113     0.00399574
   457     0.45057864     0.00399545
   458     0.44944723     0.00399514
   459     0.44831688     0.00399479
   460     0.44718754     0.00399442
   461     0.44605920     0.00399404
   462     0.44493183     0.00399364
   463     0.44380539     0.00399324
   464     0.44267987     0.00399284
   465     0.44155523     0.00399245
   466     0.44043144     0.00399207
   467     0.43930850     0.00399171
   468     0.43818639     0.00399138
   469     0.43706507     0.00399108
   470     0.43594453     0.00399082
   471     0.43482476     0.00399061
   472     0.43370577     0.00399045
   473     0.43258750     0.00399035
   474     0.43146999     0.00399032
   475     0.43035321     0.00399036
   476     0.42923716     0.00399048
   477     0.42812185     0.00399068
   478     0.42700726     0.00399097
   479     0.42589340     0.00399136
   480     0.42478030     0.00399185
   481     0.42366796     0.00399244
   482     0.42255636     0.00399315
   483     0.42144555     0.00399396
   484     0.42033554     0.00399490
   485     0.41922632     0.00399595
   486     0.41811797     0.00399713
   487     0.41701046     0.00399843
   488     0.41590385     0.00399986
   489     0.41479815     0.00400142
   490     0.41369339     0.00400311
   491     0.41258962     0.00400492
   492     0.41148687     0.00400687
   493     0.41038519     0.00400894
   494     0.40928459     0.00401114
   495     0.40818515     0.00401346
   496     0.40708687     0.00401590
   497     0.40598986     0.00401845
   498     0.40489410     0.00402112
   499     0.40379970     0.00402390
   500     0.40270668     0.00402678
   501     0.40161509     0.00402976
   502     0.40052500     0.00403282
   503     0.39943645     0.00403597
   504     0.39834951     0.00403919
   505     0.39726425     0.00404249
   506     0.39618071     0.00404584
   507     0.39509895     0.00404924
   508     0.39401901     0.00405268
   509     0.39294100     0.00405615
   510     0.39186496     0.00405964
   511     0.39079094     0.00406315
   512     0.38971900     0.00406665
   513     0.38864920     0.00407015
   514     0.38758162     0.00407363
   515     0.38651632     0.00407707
   516     0.38545331     0.00408048
   517     0.38439271     0.00408383
   518     0.38333454     0.00408712
   519     0.38227887     0.00409034
   520     0.38122573     0.00409348
   521     0.38017522     0.00409652
   522     0.37912735     0.00409946
   523     0.37808218     0.00410229
   524     0.37703976     0.00410500
   525     0.37600014     0.00410757
   526     0.37496337     0.00411001
   527     0.37392946     0.00411230
   528     0.37289849     0.00411444
   529     0.37187047     0.00411641
   530     0.37084543     0.00411822
   531     0.36982343     0.00411985
   532     0.36880445     0.00412130
   533     0.36778858     0.00412257
   534     0.36677579     0.00412364
   535     0.36576612     0.00412453
   536     0.36475959     0.00412521
   537     0.36375621     0.00412569
   538     0.36275598     0.00412597
   539     0.36175893     0.00412605
   540     0.36076505     0.00412592
   541     0.35977432     0.00412558
   542     0.35878678     0.00412504
   543     0.35780241     0.00412429
   544     0.35682120     0.00412334
   545     0.35584312     0.00412219
   546     0.35486817     0.00412083
   547     0.35389635     0.00411928
   548     0.35292761     0.00411754
   549     0.35196195     0.00411560
   550     0.35099931     0.00411348
   551     0.35003970     0.00411117
   552     0.34908306     0.00410870
   553     0.34812937     0.00410605
   554     0.34717859     0.00410324
   555     0.34623067     0.00410027
   556     0.34528557     0.00409716
   557     0.34434326     0.00409390
   558     0.34340367     0.00409051
   559     0.34246676     0.00408699
   560     0.34153247     0.00408335
   561     0.34060077     0.00407961
   562     0.33967157     0.00407577
   563     0.33874484     0.00407184
   564     0.33782051     0.00406783
   565     0.33689853     0.00406375
   566     0.33597881     0.00405961
   567     0.33506132     0.00405542
   568     0.33414599     0.00405119
   569     0.33323272     0.00404693
   570     0.33232149     0.00404266
   571     0.33141222     0.00403837
   572     0.33050483     0.00403409
   573     0.32959926     0.00402982
   574     0.32869544     0.00402558
   575     0.32779332     0.00402137
   576     0.32689282     0.00401721
   577     0.32599386     0.00401310
   578     0.32509639     0.00400905
   579     0.32420035     0.00400508
   580     0.32330566     0.00400119
   581     0.32241225     0.00399739
   582     0.32152008     0.00399369
   583     0.32062905     0.00399011
   584     0.31973913     0.00398664
   585     0.31885025     0.00398329
   586     0.31796234     0.00398008
   587     0.31707536     0.00397701
   588     0.31618924     0.00397408
   589     0.31530392     0.00397130
   590     0.31441936     0.00396868
   591     0.31353550     0.00396622
   592     0.31265229     0.00396393
   593     0.31176967     0.00396180
   594     0.31088763     0.00395985
   595     0.31000607     0.00395807
   596     0.30912499     0.00395647
   597     0.30824435     0.00395505
   598     0.30736408     0.00395381
   599     0.30648417     0.00395276
   600     0.30560458     0.00395188
   601     0.30472527     0.00395119
   602     0.30384621     0.00395067
   603     0.30296739     0.00395034
   604     0.30208875     0.00395019
   605     0.30121030     0.00395021
   606     0.30033200     0.00395041
   607     0.29945384     0.00395078
   608     0.29857579     0.00395131
   609     0.29769786     0.00395202
   610     0.29682001     0.00395289
   611     0.29594225     0.00395392
   612     0.29506457     0.00395510
   613     0.29418695     0.00395644
   614     0.29330939     0.00395793
   615     0.29243189     0.00395956
   616     0.29155444     0.00396133
   617     0.29067706     0.00396323
   618     0.28979975     0.00396527
   619     0.28892249     0.00396744
   620     0.28804533     0.00396973
   621     0.28716823     0.00397214
   622     0.28629126     0.00397466
   623     0.28541437     0.00397729
   624     0.28453761     0.00398003
   625     0.28366097     0.00398287
   626     0.28278451     0.00398581
   627     0.28190821     0.00398884
   628     0.28103207     0.00399196
   629     0.28015617     0.00399516
   630     0.27928050     0.00399845
   631     0.27840508     0.00400181
   632     0.27752993     0.00400525
   633     0.27665507     0.00400876
   634     0.27578056     0.00401233
   635     0.27490639     0.00401596
   636     0.27403261     0.00401965
   637     0.27315924     0.00402340
   638     0.27228631     0.00402720
   639     0.27141383     0.00403104
   640     0.27054186     0.00403493
   641     0.26967043     0.00403885
   642     0.26879956     0.00404282
   643     0.26792928     0.00404681
   644     0.26705962     0.00405083
   645     0.26619061     0.00405488
   646     0.26532230     0.00405895
   647     0.26445473     0.00406303
   648     0.26358789     0.00406713
   649     0.26272187     0.00407124
   650     0.26185664     0.00407536
   651     0.26099229     0.00407947
   652     0.26012884     0.00408359
   653     0.25926632     0.00408769
   654     0.25840475     0.00409179
   655     0.25754418     0.00409588
   656     0.25668464     0.00409995
   657     0.25582616     0.00410400
   658     0.25496879     0.00410803
   659     0.25411254     0.00411203
   660     0.25325745     0.00411600
   661     0.25240357     0.00411993
   662     0.25155092     0.00412383
   663     0.25069953     0.00412768
   664     0.24984943     0.00413149
   665     0.24900066     0.00413526
   666     0.24815326     0.00413898
   667     0.24730724     0.00414264
   668     0.24646265     0.00414625
   669     0.24561949     0.00414980
   670     0.24477783     0.00415329
   671     0.24393766     0.00415672
   672     0.24309904     0.00416009
   673     0.24226198     0.00416339
   674     0.24142651     0.00416662
   675     0.24059268     0.00416979
   676     0.23976047     0.00417289
   677     0.23892993     0.00417591
   678     0.23810110     0.00417887
   679     0.23727398     0.00418176
   680     0.23644859     0.00418457
   681     0.23562497     0.00418732
   682     0.23480313     0.00418999
   683     0.23398309     0.00419259
   684     0.23316487     0.00419513
   685     0.23234850     0.00419759
   686     0.23153397     0.00419999
   687     0.23072132     0.00420232
   688     0.22991056     0.00420459
   689     0.22910170     0.00420680
   690     0.22829476     0.00420895
   691     0.22748974     0.00421105
   692     0.22668666     0.00421309
   693     0.22588552     0.00421508
   694     0.22508634     0.00421702
   695     0.22428912     0.00421893
   696     0.22349386     0.00422079
   697     0.22270058     0.00422262
   698     0.22190928     0.00422441
   699     0.22111995     0.00422618
   700     0.22033260     0.00422793
   701     0.21954723     0.00422966
   702     0.21876383     0.00423138
   703     0.21798241     0.00423310
   704     0.21720295     0.00423481
   705     0.21642546     0.00423653
   706     0.21564993     0.00423826
   707     0.21487634     0.00424000
   708     0.21410469     0.00424177
   709     0.21333496     0.00424356
   710     0.21256717     0.00424539
   711     0.21180126     0.00424725
   712     0.21103725     0.00424916
   713     0.21027511     0.00425112
   714     0.20951483     0.00425314
   715     0.20875637     0.00425521
   716     0.20799975     0.00425736
   717     0.20724492     0.00425957
   718     0.20649187     0.00426187
   719     0.20574058     0.00426424
   720     0.20499102     0.00426670
   721     0.20424317     0.00426926
   722     0.20349700     0.00427191
   723     0.20275248     0.00427466
   724     0.20200961     0.00427751
   725     0.20126835     0.00428047
   726     0.20052867     0.00428354
   727     0.19979052     0.00428672
   728     0.19905390     0.00429001
   729     0.19831878     0.00429342
   730     0.19758512     0.00429695
   731     0.19685289     0.00430060
   732     0.19612208     0.00430436
   733     0.19539263     0.00430825
   734     0.19466453     0.00431226
   735     0.19393774     0.00431639
   736     0.19321224     0.00432063
   737     0.19248798     0.00432500
   738     0.19176496     0.00432948
   739     0.19104313     0.00433408
   740     0.19032247     0.00433879
   741     0.18960294     0.00434361
   742     0.18888454     0.00434854
   743     0.18816721     0.00435357
   744     0.18745094     0.00435871
   745     0.18673569     0.00436394
   746     0.18602146     0.00436927
   747     0.18530821     0.00437469
   748     0.18459592     0.00438020
   749     0.18388455     0.00438579
   750     0.18317412     0.00439145
   751     0.18246457     0.00439719
   752     0.18175590     0.00440299
   753     0.18104810     0.00440886
   754     0.18034113     0.00441479
   755     0.17963500     0.00442077
   756     0.17892969     0.00442680
   757     0.17822517     0.00443286
   758     0.17752144     0.00443897
   759     0.17681851     0.00444511
   760     0.17611636     0.00445127
   761     0.17541496     0.00445746
   762     0.17471435     0.00446366
   763     0.17401449     0.00446987
   764     0.17331539     0.00447609
   765     0.17261707     0.00448231
   766     0.17191951     0.00448852
   767     0.17122271     0.00449472
   768     0.17052671     0.00450090
   769     0.16983147     0.00450706
   770     0.16913702     0.00451319
   771     0.16844338     0.00451930
   772     0.16775055     0.00452537
   773     0.16705854     0.00453139
   774     0.16636738     0.00453737
   775     0.16567707     0.00454330
   776     0.16498765     0.00454917
   777     0.16429911     0.00455498
   778     0.16361148     0.00456072
   779     0.16292478     0.00456640
   780     0.16223904     0.00457200
   781     0.16155428     0.00457752
   782     0.16087052     0.00458296
   783     0.16018780     0.00458832
   784     0.15950613     0.00459358
   785     0.15882554     0.00459875
   786     0.15814606     0.00460382
   787     0.15746773     0.00460879
   788     0.15679056     0.00461366
   789     0.15611460     0.00461842
   790     0.15543986     0.00462307
   791     0.15476639     0.00462761
   792     0.15409420     0.00463204
   793     0.15342334     0.00463635
   794     0.15275383     0.00464054
   795     0.15208571     0.00464461
   796     0.15141901     0.00464856
   797     0.15075376     0.00465239
   798     0.15008999     0.00465610
   799     0.14942773     0.00465969
   800     0.14876702     0.00466316
   801     0.14810787     0.00466650
   802     0.14745033     0.00466973
   803     0.14679443     0.00467284
   804     0.14614018     0.00467583
   805     0.14548763     0.00467871
   806     0.14483679     0.00468147
   807     0.14418769     0.00468413
   808     0.14354037     0.00468669
   809     0.14289484     0.00468914
   810     0.14225112     0.00469149
   811     0.14160925     0.00469376
   812     0.14096925     0.00469594
   813     0.14033112     0.00469804
   814     0.13969490     0.00470006
   815     0.13906061     0.00470202
   816     0.13842825     0.00470392
   817     0.13779785     0.00470576
   818     0.13716943     0.00470756
   819     0.13654299     0.00470932
   820     0.13591855     0.00471105
   821     0.13529611     0.00471277
   822     0.13467570     0.00471447
   823     0.13405732     0.00471617
   824     0.13344098     0.00471788
   825     0.13282668     0.00471961
   826     0.13221442     0.00472137
   827     0.13160423     0.00472318
   828     0.13099608     0.00472503
   829     0.13039000     0.00472694
   830     0.12978597     0.00472892
   831     0.12918401     0.00473099
   832     0.12858410     0.00473315
   833     0.12798624     0.00473542
   834     0.12739043     0.00473780
   835     0.12679667     0.00474030
   836     0.12620496     0.00474295
   837     0.12561527     0.00474573
   838     0.12502762     0.00474868
   839     0.12444198     0.00475178
   840     0.12385835     0.00475506
   841     0.12327673     0.00475853
   842     0.12269709     0.00476218
   843     0.12211944     0.00476603
   844     0.12154375     0.00477009
   845     0.12097002     0.00477436
   846     0.12039824     0.00477884
   847     0.11982839     0.00478355
   848     0.11926046     0.00478849
   849     0.11869444     0.00479366
   850     0.11813030     0.00479906
   851     0.11756805     0.00480470
   852     0.11700767     0.00481057
   853     0.11644913     0.00481669
   854     0.11589243     0.00482305
   855     0.11533755     0.00482964
   856     0.11478448     0.00483648
   857     0.11423321     0.00484355
   858     0.11368372     0.00485086
   859     0.11313599     0.00485840
   860     0.11259001     0.00486617
   861     0.11204578     0.00487416
   862     0.11150327     0.00488237
   863     0.11096247     0.00489080
   864     0.11042337     0.00489944
   865     0.10988595     0.00490828
   866     0.10935021     0.00491732
   867     0.10881613     0.00492656
   868     0.10828371     0.00493597
   869     0.10775291     0.00494557
   870     0.10722375     0.00495534
   871     0.10669620     0.00496528
   872     0.10617026     0.00497538
   873     0.10564592     0.00498563
   874     0.10512315     0.00499602
   875     0.10460197     0.00500656
   876     0.10408235     0.00501724
   877     0.10356430     0.00502804
   878     0.10304779     0.00503897
   879     0.10253282     0.00505002
   880     0.10201939     0.00506118
   881     0.10150749     0.00507246
   882     0.10099710     0.00508384
   883     0.10048823     0.00509533
   884     0.09998087     0.00510692
   885     0.09947501     0.00511862
   886     0.09897064     0.00513041
   887     0.09846776     0.00514229
   888     0.09796636     0.00515427
   889     0.09746644     0.00516635
   890     0.09696800     0.00517852
   891     0.09647102     0.00519079
   892     0.09597550     0.00520315
   893     0.09548145     0.00521561
   894     0.09498885     0.00522817
   895     0.09449770     0.00524082
   896     0.09400799     0.00525358
   897     0.09351973     0.00526643
   898     0.09303290     0.00527940
   899     0.09254751     0.00529247
   900     0.09206355     0.00530564
   901     0.09158101     0.00531893
   902     0.09109990     0.00533233
   903     0.09062021     0.00534584
   904     0.09014193     0.00535947
   905     0.08966507     0.00537322
   906     0.08918962     0.00538708
   907     0.08871557     0.00540107
   908     0.08824292     0.00541519
   909     0.08777168     0.00542942
   910     0.08730184     0.00544379
   911     0.08683338     0.00545828
   912     0.08636632     0.00547291
   913     0.08590065     0.00548766
   914     0.08543637     0.00550255
   915     0.08497347     0.00551757
   916     0.08451196     0.00553272
   917     0.08405183     0.00554801
   918     0.08359307     0.00556344
   919     0.08313570     0.00557900
   920     0.08267970     0.00559471
   921     0.08222508     0.00561055
   922     0.08177183     0.00562653
   923     0.08131997     0.00564266
   924     0.08086947     0.00565893
   925     0.08042035     0.00567535
   926     0.07997262     0.00569192
   927     0.07952626     0.00570863
   928     0.07908128     0.00572550
   929     0.07863768     0.00574252
   930     0.07819547     0.00575970
   931     0.07775465     0.00577704
   932     0.07731522     0.00579454
   933     0.07687718     0.00581221
   934     0.07644055     0.00583004
   935     0.07600532     0.00584805
   936     0.07557151     0.00586623
   937     0.07513911     0.00588458
   938     0.07470814     0.00590312
   939     0.07427860     0.00592185
   940     0.07385050     0.00594076
   941     0.07342385     0.00595987
   942     0.07299866     0.00597916
   943     0.07257494     0.00599866
   944     0.07215270     0.00601836
   945     0.07173194     0.00603825
   946     0.07131269     0.00605835
   947     0.07089495     0.00607866
   948     0.07047874     0.00609918
   949     0.07006407     0.00611991
   950     0.06965095     0.00614085
   951     0.06923939     0.00616200
   952     0.06882942     0.00618336
   953     0.06842104     0.00620494
   954     0.06801428     0.00622673
   955     0.06760914     0.00624873
   956     0.06720565     0.00627094
   957     0.06680381     0.00629336
   958     0.06640365     0.00631600
   959     0.06600519     0.00633883
   960     0.06560843     0.00636188
   961     0.06521340     0.00638513
   962     0.06482011     0.00640858
   963     0.06442858     0.00643223
   964     0.06403883     0.00645609
   965     0.06365087     0.00648014
   966     0.06326473     0.00650438
   967     0.06288041     0.00652882
   968     0.06249793     0.00655346
   969     0.06211731     0.00657829
   970     0.06173857     0.00660331
   971     0.06136171     0.00662853
   972     0.06098677     0.00665394
   973     0.06061373     0.00667955
   974     0.06024264     0.00670535
   975     0.05987348     0.00673135
   976     0.05950629     0.00675756
   977     0.05914106     0.00678397
   978     0.05877781     0.00681058
   979     0.05841655     0.00683742
   980     0.05805729     0.00686447
   981     0.05770004     0.00689174
   982     0.05734480     0.00691925
   983     0.05699158     0.00694699
   984     0.05664039     0.00697498
   985     0.05629123     0.00700321
   986     0.05594410     0.00703171
   987     0.05559900     0.00706047
   988     0.05525594     0.00708950
   989     0.05491491     0.00711881
   990     0.05457592     0.00714841
   991     0.05423896     0.00717831
   992     0.05390403     0.00720851
   993     0.05357112     0.00723903
   994     0.05324023     0.00726986
   995     0.05291135     0.00730101
   996     0.05258447     0.00733250
   997     0.05225958     0.00736432
   998     0.05193668     0.00739648
   999     0.05161574     0.00742899
  1000     0.05129676     0.00746185
  1001     0.05097973     0.00749506
  1002     0.05066463     0.00752863
  1003     0.05035143     0.00756255
  1004     0.05004014     0.00759683
  1005     0.04973073     0.00763147
  1006     0.04942317     0.00766647
  1007     0.04911746     0.00770183
  1008     0.04881358     0.00773754
  1009     0.04851149     0.00777361
  1010     0.04821119     0.00781002
  1011     0.04791265     0.00784679
  1012     0.04761584     0.00788390
  1013     0.04732075     0.00792136
  1014     0.04702735     0.00795915
  1015     0.04673562     0.00799728
  1016     0.04644554     0.00803575
  1017     0.04615708     0.00807454
  1018     0.04587022     0.00811366
  1019     0.04558494     0.00815311
  1020     0.04530121     0.00819287
  1021     0.04501901     0.00823296
  1022     0.04473831     0.00827337
  1023     0.04445910     0.00831409
  1024     0.04418135     0.00835514
  1025     0.04390504     0.00839650
  1026     0.04363015     0.00843819
  1027     0.04335665     0.00848020
  1028     0.04308453     0.00852254
  1029     0.04281377     0.00856522
  1030     0.04254434     0.00860823
  1031     0.04227624     0.00865159
  1032     0.04200944     0.00869530
  1033     0.04174392     0.00873938
  1034     0.04147968     0.00878382
  1035     0.04121669     0.00882863
  1036     0.04095494     0.00887384
  1037     0.04069443     0.00891944
  1038     0.04043513     0.00896546
  1039     0.04017704     0.00901189
  1040     0.03992016     0.00905876
  1041     0.03966446     0.00910607
  1042     0.03940994     0.00915383
  1043     0.03915661     0.00920206
  1044     0.03890445     0.00925077
  1045     0.03865346     0.00929996
  1046     0.03840363     0.00934965
  1047     0.03815497     0.00939985
  1048     0.03790748     0.00945057
  1049     0.03766115     0.00950181
  1050     0.03741599     0.00955358
  1051     0.03717200     0.00960589
  1052     0.03692919     0.00965874
  1053     0.03668755     0.00971213
  1054     0.03644710     0.00976607
  1055     0.03620784     0.00982055
  1056     0.03596977     0.00987559
  1057     0.03573291     0.00993116
  1058     0.03549727     0.00998728
  1059     0.03526285     0.01004394
  1060     0.03502965     0.01010112
  1061     0.03479770     0.01015883
  1062     0.03456701     0.01021705
  1063     0.03433757     0.01027577
  1064     0.03410941     0.01033498
  1065     0.03388253     0.01039467
  1066     0.03365695     0.01045482
  1067     0.03343267     0.01051543
  1068     0.03320971     0.01057647
  1069     0.03298808     0.01063792
  1070     0.03276779     0.01069978
  1071     0.03254884     0.01076201
  1072     0.03233125     0.01082462
  1073     0.03211503     0.01088757
  1074     0.03190019     0.01095085
  1075     0.03168673     0.01101443
  1076     0.03147466     0.01107832
  1077     0.03126399     0.01114248
  1078     0.03105473     0.01120689
  1079     0.03084687     0.01127155
  1080     0.03064042     0.01133644
  1081     0.03043539     0.01140155
  1082     0.03023178     0.01146685
  1083     0.03002959     0.01153235
  1084     0.02982882     0.01159802
  1085     0.02962946     0.01166387
  1086     0.02943151     0.01172989
  1087     0.02923497     0.01179607
  1088     0.02903984     0.01186240
  1089     0.02884611     0.01192890
  1090     0.02865376     0.01199557
  1091     0.02846279     0.01206239
  1092     0.02827319     0.01212940
  1093     0.02808495     0.01219659
  1094     0.02789805     0.01226398
  1095     0.02771248     0.01233158
  1096     0.02752821     0.01239942
  1097     0.02734525     0.01246752
  1098     0.02716356     0.01253589
  1099     0.02698312     0.01260457
  1100     0.02680392     0.01267359
  1101     0.02662594     0.01274299
  1102     0.02644914     0.01281279
  1103     0.02627350     0.01288305
  1104     0.02609901     0.01295380
  1105     0.02592562     0.01302508
  1106     0.02575332     0.01309696
  1107     0.02558208     0.01316948
  1108     0.02541187     0.01324268
  1109     0.02524265     0.01331664
  1110     0.02507440     0.01339141
  1111     0.02490709     0.01346704
  1112     0.02474069     0.01354360
  1113     0.02457516     0.01362115
  1114     0.02441048     0.01369977
  1115     0.02424661     0.01377950
  1116     0.02408351     0.01386042
  1117     0.02392117     0.01394259
  1118     0.02375954     0.01402609
  1119     0.02359860     0.01411097
  1120     0.02343831     0.01419729
  1121     0.02327865     0.01428513
  1122     0.02311957     0.01437453
  1123     0.02296106     0.01446557
  1124     0.02280309     0.01455829
  1125     0.02264562     0.01465274
  1126     0.02248863     0.01474899
  1127     0.02233210     0.01484706
  1128     0.02217599     0.01494701
  1129     0.02202028     0.01504887
  1130     0.02186495     0.01515266
  1131     0.02170998     0.01525842
  1132     0.02155535     0.01536616
  1133     0.02140104     0.01547591
  1134     0.02124703     0.01558766
  1135     0.02109330     0.01570142
  1136     0.02093984     0.01581718
  1137     0.02078664     0.01593494
  1138     0.02063368     0.01605468
  1139     0.02048095     0.01617637
  1140     0.02032846     0.01629999
  1141     0.02017618     0.01642549
  1142     0.02002412     0.01655284
  1143     0.01987227     0.01668199
  1144     0.01972063     0.01681288
  1145     0.01956920     0.01694546
  1146     0.01941798     0.01707967
  1147     0.01926699     0.01721543
  1148     0.01911621     0.01735268
  1149     0.01896566     0.01749135
  1150     0.01881536     0.01763135
  1151     0.01866530     0.01777261
  1152     0.01851550     0.01791505
  1153     0.01836598     0.01805858
  1154     0.01821674     0.01820313
  1155     0.01806782     0.01834862
  1156     0.01791921     0.01849496
  1157     0.01777095     0.01864209
  1158     0.01762305     0.01878992
  1159     0.01747554     0.01893838
  1160     0.01732843     0.01908740
  1161     0.01718176     0.01923694
  1162     0.01703554     0.01938691
  1163     0.01688980     0.01953728
  1164     0.01674457     0.01968800
  1165     0.01659987     0.01983902
  1166     0.01645573     0.01999032
  1167     0.01631219     0.02014188
  1168     0.01616926     0.02029368
  1169     0.01602697     0.02044570
  1170     0.01588537     0.02059797
  1171     0.01574446     0.02075048
  1172     0.01560429     0.02090325
  1173     0.01546488     0.02105632
  1174     0.01532626     0.02120973
  1175     0.01518846     0.02136352
  1176     0.01505151     0.02151775
  1177     0.01491543     0.02167249
  1178     0.01478026     0.02182781
  1179     0.01464601     0.02198380
  1180     0.01451272     0.02214055
  1181     0.01438040     0.02229815
  1182     0.01424910     0.02245671
  1183     0.01411882     0.02261635
  1184     0.01398958     0.02277717
  1185     0.01386142     0.02293931
  1186     0.01373436     0.02310289
  1187     0.01360840     0.02326803
  1188     0.01348357     0.02343487
  1189     0.01335988     0.02360354
  1190     0.01323736     0.02377418
  1191     0.01311601     0.02394691
  1192     0.01299585     0.02412186
  1193     0.01287688     0.02429917
  1194     0.01275912     0.02447897
  1195     0.01264258     0.02466136
  1196     0.01252726     0.02484646
  1197     0.01241317     0.02503439
  1198     0.01230030     0.02522524
  1199     0.01218868     0.02541912
  1200     0.01207829     0.02561610
  1201     0.01196913     0.02581626
  1202     0.01186120     0.02601968
  1203     0.01175450     0.02622641
  1204     0.01164903     0.02643649
  1205     0.01154478     0.02664997
  1206     0.01144173     0.02686688
  1207     0.01133989     0.02708722
  1208     0.01123923     0.02731101
  1209     0.01113976     0.02753825
  1210     0.01104146     0.02776891
  1211     0.01094431     0.02800299
  1212     0.01084829     0.02824044
  1213     0.01075340     0.02848122
  1214     0.01065962     0.02872530
  1215     0.01056693     0.02897261
  1216     0.01047531     0.02922310
  1217     0.01038474     0.02947670
  1218     0.01029520     0.02973334
  1219     0.01020667     0.02999295
  1220     0.01011914     0.03025545
  1221     0.01003257     0.03052076
  1222     0.00994695     0.03078882
  1223     0.00986226     0.03105954
  1224     0.00977847     0.03133286
  1225     0.00969557     0.03160870
  1226     0.00961352     0.03188699
  1227     0.00953230     0.03216768
  1228     0.00945190     0.03245072
  1229     0.00937229     0.03273604
  1230     0.00929344     0.03302362
  1231     0.00921534     0.03331342
  1232     0.00913796     0.03360542
  1233     0.00906128     0.03389961
  1234     0.00898528     0.03419598
  1235     0.00890994     0.03449455
  1236     0.00883523     0.03479533
  1237     0.00876114     0.03509836
  1238     0.00868765     0.03540367
  1239     0.00861474     0.03571133
  1240     0.00854239     0.03602139
  1241     0.00847058     0.03633394
  1242     0.00839930     0.03664907
  1243     0.00832852     0.03696688
  1244     0.00825824     0.03728746
  1245     0.00818844     0.03761095
  1246     0.00811910     0.03793747
  1247     0.00805022     0.03826716
  1248     0.00798177     0.03860015
  1249     0.00791375     0.03893661
  1250     0.00784614     0.03927667
  1251     0.00777895     0.03962051
  1252     0.00771215     0.03996829
  1253     0.00764573     0.04032015
  1254     0.00757970     0.04067628
  1255     0.00751404     0.04103683
  1256     0.00744875     0.04140195
  1257     0.00738383     0.04177183
  1258     0.00731926     0.04214659
  1259     0.00725504     0.04252639
  1260     0.00719117     0.04291137
  1261     0.00712765     0.04330166
  1262     0.00706447     0.04369739
  1263     0.00700164     0.04409866
  1264     0.00693915     0.04450558
  1265     0.00687700     0.04491824
  1266     0.00681519     0.04533671
  1267     0.00675372     0.04576105
  1268     0.00669259     0.04619132
  1269     0.00663180     0.04662755
  1270     0.00657136     0.04706977
  1271     0.00651127     0.04751796
  1272     0.00645152     0.04797214
  1273     0.00639211     0.04843227
  1274     0.00633306     0.04889832
  1275     0.00627437     0.04937024
  1276     0.00621602     0.04984796
  1277     0.00615804     0.05033142
  1278     0.00610041     0.05082051
  1279     0.00604315     0.05131515
  1280     0.00598625     0.05181522
  1281     0.00592972     0.05232061
  1282     0.00587355     0.05283120
  1283     0.00581775     0.05334685
  1284     0.00576233     0.05386744
  1285     0.00570728     0.05439283
  1286     0.00565260     0.05492287
  1287     0.00559830     0.05545744
  1288     0.00554438     0.05599639
  1289     0.00549083     0.05653960
  1290     0.00543766     0.05708694
  1291     0.00538486     0.05763828
  1292     0.00533245     0.05819353
  1293     0.00528041     0.05875257
  1294     0.00522874     0.05931532
  1295     0.00517745     0.05988171
  1296     0.00512653     0.06045166
  1297     0.00507598     0.06102515
  1298     0.00502580     0.06160215
  1299     0.00497598     0.06218265
  1300     0.00492653     0.06276666
  1301     0.00487744     0.06335422
  1302     0.00482871     0.06394541
  1303     0.00478033     0.06454028
  1304     0.00473230     0.06513897
  1305     0.00468462     0.06574159
  1306     0.00463728     0.06634832
  1307     0.00459029     0.06695934
  1308     0.00454362     0.06757486
  1309     0.00449729     0.06819512
  1310     0.00445129     0.06882038
  1311     0.00440560     0.06945094
  1312     0.00436024     0.07008711
  1313     0.00431519     0.07072923
  1314     0.00427044     0.07137766
  1315     0.00422601     0.07203279
  1316     0.00418187     0.07269502
  1317     0.00413803     0.07336478
  1318     0.00409448     0.07404250
  1319     0.00405122     0.07472865
  1320     0.00400825     0.07542368
  1321     0.00396556     0.07612808
  1322     0.00392315     0.07684233
  1323     0.00388101     0.07756693
  1324     0.00383915     0.07830236
  1325     0.00379756     0.07904913
  1326     0.00375624     0.07980770
  1327     0.00371519     0.08057857
  1328     0.00367440     0.08136220
  1329     0.00363388     0.08215907
  1330     0.00359362     0.08296961
  1331     0.00355363     0.08379423
  1332     0.00351390     0.08463334
  1333     0.00347444     0.08548734
  1334     0.00343525     0.08635654
  1335     0.00339632     0.08724130
  1336     0.00335767     0.08814188
  1337     0.00331928     0.08905856
  1338     0.00328117     0.08999153
  1339     0.00324334     0.09094101
  1340     0.00320579     0.09190713
  1341     0.00316853     0.09288999
  1342     0.00313155     0.09388968
  1343     0.00309487     0.09490623
  1344     0.00305848     0.09593962
  1345     0.00302240     0.09698981
  1346     0.00298662     0.09805673
  1347     0.00295116     0.09914026
  1348     0.00291602     0.10024025
  1349     0.00288121     0.10135651
  1350     0.00284673     0.10248884
  1351     0.00281258     0.10363699
  1352     0.00277878     0.10480072
  1353     0.00274534     0.10597973
  1354     0.00271225     0.10717372
  1355     0.00267952     0.10838238
  1356     0.00264717     0.10960538
  1357     0.00261519     0.11084239
  1358     0.00258360     0.11209307
  1359     0.00255240     0.11335708
  1360     0.00252160     0.11463409
  1361     0.00249121     0.11592378
  1362     0.00246122     0.11722583
  1363     0.00243165     0.11853995
  1364     0.00240250     0.11986586
  1365     0.00237377     0.12120330
  1366     0.00234548     0.12255204
  1367     0.00231762     0.12391188
  1368     0.00229020     0.12528266
  1369     0.00226323     0.12666425
  1370     0.00223670     0.12805656
  1371     0.00221063     0.12945952
  1372     0.00218500     0.13087311
  1373     0.00215983     0.13229740
  1374     0.00213512     0.13373242
  1375     0.00211086     0.13517833
  1376     0.00208705     0.13663529
  1377     0.00206371     0.13810350
  1378     0.00204081     0.13958326
  1379     0.00201837     0.14107484
  1380     0.00199639     0.14257863
  1381     0.00197485     0.14409500
  1382     0.00195375     0.14562444
  1383     0.00193310     0.14716740
  1384     0.00191288     0.14872444
  1385     0.00189309     0.15029611
  1386     0.00187373     0.15188302
  1387     0.00185478     0.15348580
  1388     0.00183624     0.15510513
  1389     0.00181811     0.15674169
  1390     0.00180037     0.15839620
  1391     0.00178302     0.16006942
  1392     0.00176604     0.16176207
  1393     0.00174943     0.16347495
  1394     0.00173317     0.16520882
  1395     0.00171726     0.16696446
  1396     0.00170168     0.16874266
  1397     0.00168642     0.17054421
  1398     0.00167147     0.17236987
  1399     0.00165681     0.17422043
  1400     0.00164244     0.17609665
  1401     0.00162833     0.17799924
  1402     0.00161448     0.17992899
  1403     0.00160086     0.18188655
  1404     0.00158748     0.18387264
  1405     0.00157430     0.18588792
  1406     0.00156132     0.18793301
  1407     0.00154853     0.19000854
  1408     0.00153590     0.19211510
  1409     0.00152342     0.19425322
  1410     0.00151108     0.19642346
  1411     0.00149887     0.19862631
  1412     0.00148676     0.20086223
  1413     0.00147474     0.20313168
  1414     0.00146280     0.20543508
  1415     0.00145092     0.20777282
  1416     0.00143910     0.21014528
  1417     0.00142731     0.21255279
  1418     0.00141554     0.21499570
  1419     0.00140378     0.21747430
  1420     0.00139201     0.21998890
  1421     0.00138023     0.22253978
  1422     0.00136842     0.22512722
  1423     0.00135656     0.22775146
  1424     0.00134465     0.23041277
  1425     0.00133268     0.23311138
  1426     0.00132064     0.23584758
  1427     0.00130851     0.23862158
  1428     0.00129629     0.24143365
  1429     0.00128396     0.24428406
  1430     0.00127152     0.24717306
  1431     0.00125897     0.25010091
  1432     0.00124629     0.25306794
  1433     0.00123348     0.25607440
  1434     0.00122054     0.25912064
  1435     0.00120745     0.26220697
  1436     0.00119422     0.26533371
  1437     0.00118084     0.26850125
  1438     0.00116730     0.27170998
  1439     0.00115361     0.27496022
  1440     0.00113977     0.27825245
  1441     0.00112576     0.28158706
  1442     0.00111160     0.28496450
  1443     0.00109729     0.28838524
  1444     0.00108281     0.29184976
  1445     0.00106819     0.29535857
  1446     0.00105341     0.29891214
  1447     0.00103848     0.30251101
  1448     0.00102341     0.30615571
  1449     0.00100820     0.30984685
  1450     0.00099285     0.31358492
  1451     0.00097737     0.31737053
  1452     0.00096177     0.32120427
  1453     0.00094605     0.32508677
  1454     0.00093021     0.32901859
  1455     0.00091428     0.33300039
  1456     0.00089825     0.33703282
  1457     0.00088214     0.34111649
  1458     0.00086594     0.34525207
  1459     0.00084968     0.34944022
  1460     0.00083336     0.35368165
  1461     0.00081700     0.35797703
  1462     0.00080059     0.36232710
  1463     0.00078416     0.36673260
  1464     0.00076772     0.37119421
  1465     0.00075127     0.37571278
  1466     0.00073482     0.38028905
  1467     0.00071840     0.38492385
  1468     0.00070201     0.38961804
  1469     0.00068566     0.39437246
  1470     0.00066937     0.39918804
  1471     0.00065315     0.40406573
  1472     0.00063701     0.40900654
  1473     0.00062096     0.41401142
  1474     0.00060503     0.41908154
  1475     0.00058921     0.42421797
  1476     0.00057352     0.42942190
  1477     0.00055798     0.43469456
  1478     0.00054259     0.44003728
  1479     0.00052738     0.44545141
  1480     0.00051235     0.45093837
  1481     0.00049751     0.45649970
  1482     0.00048288     0.46213692
  1483     0.00046847     0.46785173
  1484     0.00045429     0.47364581
  1485     0.00044036     0.47952098
  1486     0.00042667     0.48547915
  1487     0.00041326     0.49152225
  1488     0.00040012     0.49765238
  1489     0.00038727     0.50387162
  1490     0.00037471     0.51018214
  1491     0.00036247     0.51658630
  1492     0.00035054     0.52308637
  1493     0.00033893     0.52968484
  1494     0.00032767     0.53638417
  1495     0.00031674     0.54318690
  1496     0.00030617     0.55009562
  1497     0.00029596     0.55711299
  1498     0.00028612     0.56424171
  1499     0.00027665     0.57148445
  1500     0.00026757     0.57884401
