# Wilkinson Microwave Anisotropy Probe (WMAP) 9 year data release, version 5.1
# Beam Transfer Function (amplitude) for differencing assembly K1,
# normalized to 1.0 at l=1.  The window function is the square of the
# beam transfer function.
# Reference = WMAP Explanatory Supplement: http://lambda.gsfc.nasa.gov/
# Column 1 = multipole moment l
# Column 2 = beam transfer function (amplitude), dimensionless units.
# Column 3 = 1-sigma frectional error,  delta_b_l / b_l.  See 
#             Hill et al. 2009 ApJ 180,246 for a detailed discussion of 
#             error computation.  For K1, errors were not computed beyond
#             l=650; the column value is set to -1 beyond this limit.
#             
# 
     0     1.00008202     0.00001601
     1     1.00000000     0.00000000
     2     0.99983704     0.00003191
     3     0.99959296     0.00007953
     4     0.99926895     0.00014254
     5     0.99886489     0.00022056
     6     0.99838191     0.00031310
     7     0.99782181     0.00041956
     8     0.99718475     0.00053929
     9     0.99647373     0.00067153
    10     0.99568868     0.00081548
    11     0.99483258     0.00097025
    12     0.99390656     0.00113488
    13     0.99291241     0.00130839
    14     0.99185234     0.00148974
    15     0.99072921     0.00167784
    16     0.98954415     0.00187161
    17     0.98829907     0.00206990
    18     0.98699796     0.00227160
    19     0.98564184     0.00247558
    20     0.98423272     0.00268072
    21     0.98277259     0.00288590
    22     0.98126447     0.00309005
    23     0.97971034     0.00329213
    24     0.97811121     0.00349113
    25     0.97647113     0.00368610
    26     0.97478992     0.00387614
    27     0.97306979     0.00406042
    28     0.97131371     0.00423816
    29     0.96952152     0.00440866
    30     0.96769542     0.00457131
    31     0.96583724     0.00472556
    32     0.96394801     0.00487095
    33     0.96202791     0.00500710
    34     0.96007872     0.00513373
    35     0.95810157     0.00525062
    36     0.95609641     0.00535763
    37     0.95406425     0.00545474
    38     0.95200610     0.00554196
    39     0.94992089     0.00561941
    40     0.94780874     0.00568726
    41     0.94567156     0.00574575
    42     0.94350839     0.00579518
    43     0.94131917     0.00583592
    44     0.93910402     0.00586837
    45     0.93686283     0.00589297
    46     0.93459564     0.00591021
    47     0.93230045     0.00592061
    48     0.92997926     0.00592469
    49     0.92763007     0.00592301
    50     0.92525387     0.00591612
    51     0.92284971     0.00590457
    52     0.92041749     0.00588894
    53     0.91795528     0.00586977
    54     0.91546613     0.00584759
    55     0.91294587     0.00582292
    56     0.91039771     0.00579626
    57     0.90781945     0.00576808
    58     0.90521228     0.00573883
    59     0.90257502     0.00570893
    60     0.89990777     0.00567877
    61     0.89721161     0.00564872
    62     0.89448637     0.00561909
    63     0.89173216     0.00559019
    64     0.88894892     0.00556228
    65     0.88613665     0.00553561
    66     0.88329643     0.00551037
    67     0.88042921     0.00548675
    68     0.87753493     0.00546488
    69     0.87461472     0.00544489
    70     0.87166744     0.00542685
    71     0.86869621     0.00541083
    72     0.86570096     0.00539684
    73     0.86268175     0.00538488
    74     0.85963953     0.00537493
    75     0.85657626     0.00536691
    76     0.85349196     0.00536074
    77     0.85038674     0.00535632
    78     0.84726250     0.00535350
    79     0.84412026     0.00535213
    80     0.84095997     0.00535203
    81     0.83778375     0.00535301
    82     0.83459044     0.00535488
    83     0.83138222     0.00535742
    84     0.82815993     0.00536041
    85     0.82492363     0.00536364
    86     0.82167441     0.00536689
    87     0.81841314     0.00536995
    88     0.81513888     0.00537264
    89     0.81185460     0.00537475
    90     0.80855834     0.00537613
    91     0.80525202     0.00537661
    92     0.80193573     0.00537608
    93     0.79861051     0.00537442
    94     0.79527521     0.00537156
    95     0.79193097     0.00536742
    96     0.78857768     0.00536197
    97     0.78521538     0.00535521
    98     0.78184515     0.00534714
    99     0.77846581     0.00533781
   100     0.77507859     0.00532726
   101     0.77168328     0.00531557
   102     0.76828003     0.00530284
   103     0.76486772     0.00528917
   104     0.76144749     0.00527468
   105     0.75801915     0.00525952
   106     0.75458288     0.00524382
   107     0.75113863     0.00522772
   108     0.74768531     0.00521139
   109     0.74422503     0.00519498
   110     0.74075574     0.00517863
   111     0.73727942     0.00516251
   112     0.73379523     0.00514676
   113     0.73030192     0.00513153
   114     0.72680259     0.00511694
   115     0.72329432     0.00510314
   116     0.71978003     0.00509023
   117     0.71625775     0.00507832
   118     0.71272850     0.00506752
   119     0.70919317     0.00505791
   120     0.70565087     0.00504955
   121     0.70210260     0.00504252
   122     0.69854826     0.00503685
   123     0.69498897     0.00503257
   124     0.69142365     0.00502971
   125     0.68785441     0.00502825
   126     0.68428016     0.00502820
   127     0.68070287     0.00502952
   128     0.67712057     0.00503216
   129     0.67353624     0.00503608
   130     0.66994894     0.00504121
   131     0.66635865     0.00504745
   132     0.66276634     0.00505473
   133     0.65917307     0.00506294
   134     0.65557778     0.00507197
   135     0.65198249     0.00508171
   136     0.64838618     0.00509202
   137     0.64478987     0.00510279
   138     0.64119357     0.00511390
   139     0.63759828     0.00512520
   140     0.63400298     0.00513659
   141     0.63040966     0.00514795
   142     0.62681746     0.00515915
   143     0.62322617     0.00517010
   144     0.61963785     0.00518069
   145     0.61605054     0.00519085
   146     0.61246628     0.00520050
   147     0.60888398     0.00520956
   148     0.60530466     0.00521800
   149     0.60172737     0.00522576
   150     0.59815407     0.00523283
   151     0.59458274     0.00523919
   152     0.59101444     0.00524483
   153     0.58745015     0.00524977
   154     0.58388889     0.00525402
   155     0.58033162     0.00525762
   156     0.57677734     0.00526061
   157     0.57322603     0.00526302
   158     0.56967974     0.00526493
   159     0.56613642     0.00526638
   160     0.56259811     0.00526745
   161     0.55906385     0.00526821
   162     0.55553353     0.00526873
   163     0.55200732     0.00526909
   164     0.54848599     0.00526937
   165     0.54496968     0.00526963
   166     0.54145843     0.00526997
   167     0.53795213     0.00527046
   168     0.53445083     0.00527116
   169     0.53095555     0.00527215
   170     0.52746528     0.00527350
   171     0.52398199     0.00527525
   172     0.52050370     0.00527746
   173     0.51703238     0.00528017
   174     0.51356816     0.00528343
   175     0.51010984     0.00528725
   176     0.50665957     0.00529166
   177     0.50321627     0.00529666
   178     0.49978098     0.00530224
   179     0.49635270     0.00530840
   180     0.49293244     0.00531510
   181     0.48952013     0.00532232
   182     0.48611689     0.00533000
   183     0.48272258     0.00533809
   184     0.47933632     0.00534652
   185     0.47595805     0.00535521
   186     0.47258976     0.00536409
   187     0.46923047     0.00537307
   188     0.46588120     0.00538206
   189     0.46253994     0.00539096
   190     0.45920867     0.00539968
   191     0.45588741     0.00540812
   192     0.45257512     0.00541619
   193     0.44927183     0.00542381
   194     0.44597858     0.00543090
   195     0.44269529     0.00543737
   196     0.43942204     0.00544317
   197     0.43615776     0.00544824
   198     0.43290350     0.00545252
   199     0.42965922     0.00545600
   200     0.42642400     0.00545865
   201     0.42319873     0.00546045
   202     0.41998345     0.00546141
   203     0.41677719     0.00546155
   204     0.41358191     0.00546090
   205     0.41039565     0.00545948
   206     0.40721941     0.00545735
   207     0.40405315     0.00545457
   208     0.40089786     0.00545121
   209     0.39775163     0.00544733
   210     0.39461637     0.00544302
   211     0.39149109     0.00543837
   212     0.38837785     0.00543346
   213     0.38527459     0.00542837
   214     0.38218236     0.00542322
   215     0.37910110     0.00541808
   216     0.37603286     0.00541305
   217     0.37297559     0.00540821
   218     0.36993033     0.00540365
   219     0.36689809     0.00539945
   220     0.36387983     0.00539567
   221     0.36087358     0.00539240
   222     0.35788137     0.00538968
   223     0.35490412     0.00538758
   224     0.35194087     0.00538612
   225     0.34899160     0.00538535
   226     0.34605938     0.00538529
   227     0.34314212     0.00538594
   228     0.34024090     0.00538732
   229     0.33735564     0.00538942
   230     0.33448845     0.00539222
   231     0.33163822     0.00539568
   232     0.32880598     0.00539978
   233     0.32599074     0.00540447
   234     0.32319450     0.00540969
   235     0.32041728     0.00541538
   236     0.31765804     0.00542147
   237     0.31491885     0.00542789
   238     0.31219861     0.00543456
   239     0.30949739     0.00544140
   240     0.30681616     0.00544833
   241     0.30415493     0.00545528
   242     0.30151373     0.00546216
   243     0.29889151     0.00546891
   244     0.29629028     0.00547545
   245     0.29370809     0.00548174
   246     0.29114586     0.00548771
   247     0.28860366     0.00549333
   248     0.28608045     0.00549856
   249     0.28357723     0.00550339
   250     0.28109306     0.00550781
   251     0.27862787     0.00551181
   252     0.27618065     0.00551542
   253     0.27375343     0.00551865
   254     0.27134427     0.00552155
   255     0.26895306     0.00552417
   256     0.26657888     0.00552654
   257     0.26422366     0.00552875
   258     0.26188549     0.00553086
   259     0.25956327     0.00553295
   260     0.25725910     0.00553509
   261     0.25497091     0.00553738
   262     0.25269970     0.00553989
   263     0.25044355     0.00554271
   264     0.24820335     0.00554592
   265     0.24597917     0.00554961
   266     0.24377000     0.00555386
   267     0.24157682     0.00555874
   268     0.23939864     0.00556432
   269     0.23723446     0.00557067
   270     0.23508628     0.00557784
   271     0.23295210     0.00558590
   272     0.23083293     0.00559488
   273     0.22872776     0.00560482
   274     0.22663759     0.00561575
   275     0.22456242     0.00562769
   276     0.22250125     0.00564066
   277     0.22045508     0.00565466
   278     0.21842290     0.00566968
   279     0.21640575     0.00568569
   280     0.21440358     0.00570269
   281     0.21241541     0.00572061
   282     0.21044226     0.00573943
   283     0.20848309     0.00575906
   284     0.20653994     0.00577945
   285     0.20461078     0.00580050
   286     0.20269664     0.00582212
   287     0.20079847     0.00584420
   288     0.19891332     0.00586663
   289     0.19704416     0.00588929
   290     0.19519000     0.00591205
   291     0.19335085     0.00593477
   292     0.19152571     0.00595730
   293     0.18971556     0.00597952
   294     0.18792041     0.00600127
   295     0.18613927     0.00602243
   296     0.18437313     0.00604285
   297     0.18262097     0.00606241
   298     0.18088284     0.00608100
   299     0.17915869     0.00609850
   300     0.17744756     0.00611483
   301     0.17575040     0.00612992
   302     0.17406628     0.00614370
   303     0.17239514     0.00615613
   304     0.17073701     0.00616720
   305     0.16909087     0.00617691
   306     0.16745675     0.00618529
   307     0.16583461     0.00619237
   308     0.16422448     0.00619822
   309     0.16262534     0.00620294
   310     0.16103621     0.00620663
   311     0.15945908     0.00620942
   312     0.15789194     0.00621145
   313     0.15633482     0.00621288
   314     0.15478669     0.00621388
   315     0.15324956     0.00621464
   316     0.15172145     0.00621535
   317     0.15020132     0.00621621
   318     0.14869119     0.00621741
   319     0.14719006     0.00621916
   320     0.14569695     0.00622165
   321     0.14421283     0.00622506
   322     0.14273772     0.00622959
   323     0.14126959     0.00623539
   324     0.13981047     0.00624262
   325     0.13836035     0.00625142
   326     0.13691723     0.00626190
   327     0.13548312     0.00627416
   328     0.13405700     0.00628827
   329     0.13263988     0.00630431
   330     0.13123076     0.00632228
   331     0.12982966     0.00634221
   332     0.12843753     0.00636409
   333     0.12705442     0.00638787
   334     0.12568031     0.00641352
   335     0.12431519     0.00644096
   336     0.12295908     0.00647011
   337     0.12161297     0.00650088
   338     0.12027586     0.00653314
   339     0.11894875     0.00656680
   340     0.11763165     0.00660171
   341     0.11632354     0.00663775
   342     0.11502643     0.00667479
   343     0.11373933     0.00671270
   344     0.11246322     0.00675135
   345     0.11119712     0.00679061
   346     0.10994201     0.00683036
   347     0.10869792     0.00687047
   348     0.10746481     0.00691086
   349     0.10624272     0.00695140
   350     0.10503061     0.00699200
   351     0.10383052     0.00703259
   352     0.10264142     0.00707309
   353     0.10146432     0.00711342
   354     0.10029723     0.00715352
   355     0.09914113     0.00719336
   356     0.09799704     0.00723289
   357     0.09686294     0.00727208
   358     0.09574085     0.00731092
   359     0.09462976     0.00734939
   360     0.09352867     0.00738750
   361     0.09243859     0.00742527
   362     0.09135950     0.00746273
   363     0.09029140     0.00749992
   364     0.08923232     0.00753691
   365     0.08818524     0.00757377
   366     0.08714715     0.00761060
   367     0.08612006     0.00764752
   368     0.08510298     0.00768464
   369     0.08409490     0.00772213
   370     0.08309782     0.00776015
   371     0.08210973     0.00779887
   372     0.08113065     0.00783850
   373     0.08016157     0.00787925
   374     0.07920250     0.00792132
   375     0.07825241     0.00796495
   376     0.07731134     0.00801034
   377     0.07637927     0.00805773
   378     0.07545619     0.00810730
   379     0.07454212     0.00815926
   380     0.07363705     0.00821378
   381     0.07273997     0.00827099
   382     0.07185289     0.00833102
   383     0.07097382     0.00839394
   384     0.07010375     0.00845981
   385     0.06924168     0.00852861
   386     0.06838861     0.00860033
   387     0.06754454     0.00867488
   388     0.06670747     0.00875216
   389     0.06588040     0.00883201
   390     0.06506033     0.00891426
   391     0.06424927     0.00899870
   392     0.06344620     0.00908512
   393     0.06265014     0.00917328
   394     0.06186307     0.00926294
   395     0.06108401     0.00935385
   396     0.06031295     0.00944578
   397     0.05954888     0.00953851
   398     0.05879382     0.00963185
   399     0.05804476     0.00972562
   400     0.05730370     0.00981968
   401     0.05657064     0.00991393
   402     0.05584358     0.01000828
   403     0.05512452     0.01010271
   404     0.05441246     0.01019722
   405     0.05370640     0.01029186
   406     0.05300735     0.01038669
   407     0.05231529     0.01048183
   408     0.05162923     0.01057741
   409     0.05094918     0.01067361
   410     0.05027512     0.01077059
   411     0.04960807     0.01086856
   412     0.04894602     0.01096773
   413     0.04828996     0.01106833
   414     0.04763991     0.01117057
   415     0.04699586     0.01127469
   416     0.04635580     0.01138090
   417     0.04572275     0.01148944
   418     0.04509370     0.01160052
   419     0.04447065     0.01171437
   420     0.04385259     0.01183120
   421     0.04323955     0.01195122
   422     0.04263150     0.01207465
   423     0.04202845     0.01220172
   424     0.04143140     0.01233263
   425     0.04083835     0.01246762
   426     0.04025130     0.01260691
   427     0.03966825     0.01275074
   428     0.03909121     0.01289934
   429     0.03851916     0.01305295
   430     0.03795211     0.01321181
   431     0.03739107     0.01337614
   432     0.03683502     0.01354616
   433     0.03628398     0.01372208
   434     0.03573893     0.01390409
   435     0.03519889     0.01409234
   436     0.03466484     0.01428697
   437     0.03413680     0.01448806
   438     0.03361376     0.01469569
   439     0.03309771     0.01490987
   440     0.03258667     0.01513057
   441     0.03208163     0.01535773
   442     0.03158259     0.01559125
   443     0.03108955     0.01583100
   444     0.03060251     0.01607680
   445     0.03012147     0.01632846
   446     0.02964643     0.01658577
   447     0.02917739     0.01684852
   448     0.02871535     0.01711649
   449     0.02825832     0.01738948
   450     0.02780728     0.01766730
   451     0.02736224     0.01794980
   452     0.02692321     0.01823684
   453     0.02649017     0.01852837
   454     0.02606214     0.01882436
   455     0.02564010     0.01912484
   456     0.02522407     0.01942990
   457     0.02481304     0.01973970
   458     0.02440700     0.02005447
   459     0.02400697     0.02037448
   460     0.02361094     0.02070007
   461     0.02322090     0.02103166
   462     0.02283487     0.02136968
   463     0.02245384     0.02171464
   464     0.02207781     0.02206708
   465     0.02170578     0.02242758
   466     0.02133775     0.02279674
   467     0.02097472     0.02317519
   468     0.02061569     0.02356357
   469     0.02026066     0.02396253
   470     0.01990963     0.02437272
   471     0.01956260     0.02479479
   472     0.01921858     0.02522938
   473     0.01887955     0.02567713
   474     0.01854352     0.02613863
   475     0.01821149     0.02661448
   476     0.01788347     0.02710523
   477     0.01755944     0.02761141
   478     0.01723841     0.02813351
   479     0.01692139     0.02867196
   480     0.01660736     0.02922715
   481     0.01629734     0.02979943
   482     0.01599131     0.03038908
   483     0.01568929     0.03099629
   484     0.01539026     0.03162123
   485     0.01509524     0.03226396
   486     0.01480421     0.03292448
   487     0.01451719     0.03360272
   488     0.01423317     0.03429854
   489     0.01395414     0.03501173
   490     0.01367812     0.03574203
   491     0.01340710     0.03648913
   492     0.01313908     0.03725269
   493     0.01287506     0.03803235
   494     0.01261503     0.03882777
   495     0.01235901     0.03963861
   496     0.01210599     0.04046459
   497     0.01185797     0.04130552
   498     0.01161295     0.04216128
   499     0.01137093     0.04303189
   500     0.01113391     0.04391751
   501     0.01089989     0.04481849
   502     0.01066888     0.04573535
   503     0.01044086     0.04666883
   504     0.01021684     0.04761990
   505     0.00999582     0.04858974
   506     0.00977780     0.04957977
   507     0.00956178     0.05059165
   508     0.00934977     0.05162724
   509     0.00913975     0.05268861
   510     0.00893173     0.05377803
   511     0.00872672     0.05489790
   512     0.00852370     0.05605077
   513     0.00832268     0.05723927
   514     0.00812467     0.05846610
   515     0.00792765     0.05973397
   516     0.00773363     0.06104559
   517     0.00754062     0.06240364
   518     0.00734960     0.06381071
   519     0.00716059     0.06526929
   520     0.00697357     0.06678179
   521     0.00678856     0.06835049
   522     0.00660554     0.06997756
   523     0.00642353     0.07166503
   524     0.00624451     0.07341487
   525     0.00606750     0.07522895
   526     0.00589348     0.07710911
   527     0.00572047     0.07905712
   528     0.00555146     0.08107483
   529     0.00538444     0.08316409
   530     0.00522043     0.08532687
   531     0.00506041     0.08756522
   532     0.00490240     0.08988141
   533     0.00474939     0.09227782
   534     0.00459938     0.09475712
   535     0.00445337     0.09732216
   536     0.00431235     0.09997605
   537     0.00417534     0.10272218
   538     0.00404333     0.10556418
   539     0.00391632     0.10850598
   540     0.00379431     0.11155175
   541     0.00367830     0.11470592
   542     0.00356729     0.11797316
   543     0.00346228     0.12135836
   544     0.00336328     0.12486663
   545     0.00326927     0.12850328
   546     0.00318226     0.13227373
   547     0.00310125     0.13618362
   548     0.00302625     0.14023867
   549     0.00295724     0.14444472
   550     0.00289424     0.14880770
   551     0.00283823     0.15333359
   552     0.00278723     0.15802844
   553     0.00274222     0.16289830
   554     0.00270222     0.16794926
   555     0.00266822     0.17318740
   556     0.00263922     0.17861883
   557     0.00261521     0.18424959
   558     0.00259521     0.19008578
   559     0.00257921     0.19613348
   560     0.00256821     0.20239876
   561     0.00255921     0.20888783
   562     0.00255421     0.21560691
   563     0.00255121     0.22256246
   564     0.00255121     0.22976115
   565     0.00255221     0.23721005
   566     0.00255521     0.24491665
   567     0.00255821     0.25288910
   568     0.00256221     0.26113632
   569     0.00256621     0.26966825
   570     0.00256921     0.27849603
   571     0.00257221     0.28763226
   572     0.00257321     0.29709116
   573     0.00257221     0.30688897
   574     0.00256921     0.31704411
   575     0.00256421     0.32757744
   576     0.00255621     0.33851260
   577     0.00254521     0.34987605
   578     0.00253121     0.36169747
   579     0.00251321     0.37400973
   580     0.00249220     0.38684914
   581     0.00246620     0.40025538
   582     0.00243720     0.41427147
   583     0.00240420     0.42894384
   584     0.00236719     0.44432193
   585     0.00232619     0.46045807
   586     0.00228119     0.47740725
   587     0.00228219     0.49522653
   588     0.00223518     0.51397491
   589     0.00218918     0.53371263
   590     0.00214418     0.55450070
   591     0.00210017     0.57640064
   592     0.00205717     0.59947371
   593     0.00201417     0.62378061
   594     0.00197316     0.64938110
   595     0.00193216     0.67633361
   596     0.00189116     0.70469475
   597     0.00185215     0.73451960
   598     0.00181315     0.76586103
   599     0.00177615     0.79877019
   600     0.00173814     0.83329618
   601     0.00170214     0.86948651
   602     0.00166614     0.90738714
   603     0.00163113     0.94704276
   604     0.00159713     0.98849744
   605     0.00156313     1.03179467
   606     0.00153013     1.07697809
   607     0.00149812     1.12409151
   608     0.00146612     1.17317975
   609     0.00143512     1.22428858
   610     0.00140412     1.27746522
   611     0.00137411     1.33275807
   612     0.00134511     1.39021707
   613     0.00131611     1.44989312
   614     0.00128811     1.51183808
   615     0.00126110     1.57610357
   616     0.00123310     1.64274085
   617     0.00120710     1.71179903
   618     0.00118110     1.78332460
   619     0.00115509     1.85735989
   620     0.00113009     1.93394160
   621     0.00110609     2.01309943
   622     0.00108209     2.09485531
   623     0.00105909     2.17922068
   624     0.00103508     2.26619720
   625     0.00101308     2.35577393
   626     0.00099108     2.44792771
   627     0.00096908     2.54262161
   628     0.00094808     2.63980436
   629     0.00092708     2.73940945
   630     0.00090707     2.84135413
   631     0.00088707     2.94553781
   632     0.00086707     3.05184078
   633     0.00084807     3.16012120
   634     0.00082907     3.27021265
   635     0.00081107     3.38191938
   636     0.00079307     3.49501252
   637     0.00077606     3.60922289
   638     0.00075806     3.72423553
   639     0.00074106     3.83968234
   640     0.00072506     3.95513439
   641     0.00070906     4.07009506
   642     0.00069306     4.18399239
   643     0.00067706     4.29617596
   644     0.00066205     4.40591288
   645     0.00064705     4.51238871
   646     0.00063305     4.61471319
   647     0.00061805     4.71192980
   648     0.00060405     4.80303049
   649     0.00059105     4.88698006
   650     0.00057705     4.96274042
   651     0.00056405    -1.00000000
   652     0.00055105    -1.00000000
   653     0.00053904    -1.00000000
   654     0.00052704    -1.00000000
   655     0.00051504    -1.00000000
   656     0.00050304    -1.00000000
   657     0.00049104    -1.00000000
   658     0.00048004    -1.00000000
   659     0.00046904    -1.00000000
   660     0.00045804    -1.00000000
   661     0.00044804    -1.00000000
   662     0.00043704    -1.00000000
   663     0.00042704    -1.00000000
   664     0.00041703    -1.00000000
   665     0.00040803    -1.00000000
   666     0.00039803    -1.00000000
   667     0.00038903    -1.00000000
   668     0.00038003    -1.00000000
   669     0.00037103    -1.00000000
   670     0.00036203    -1.00000000
   671     0.00035403    -1.00000000
   672     0.00034603    -1.00000000
   673     0.00033803    -1.00000000
   674     0.00033003    -1.00000000
   675     0.00032203    -1.00000000
   676     0.00031403    -1.00000000
   677     0.00030703    -1.00000000
   678     0.00030002    -1.00000000
   679     0.00029302    -1.00000000
   680     0.00028602    -1.00000000
   681     0.00027902    -1.00000000
   682     0.00027202    -1.00000000
   683     0.00026602    -1.00000000
   684     0.00025902    -1.00000000
   685     0.00025302    -1.00000000
   686     0.00024702    -1.00000000
   687     0.00024102    -1.00000000
   688     0.00023602    -1.00000000
   689     0.00023002    -1.00000000
   690     0.00022402    -1.00000000
   691     0.00021902    -1.00000000
   692     0.00021402    -1.00000000
   693     0.00020902    -1.00000000
   694     0.00020302    -1.00000000
   695     0.00019902    -1.00000000
   696     0.00019402    -1.00000000
   697     0.00018902    -1.00000000
   698     0.00018402    -1.00000000
   699     0.00018001    -1.00000000
   700     0.00017601    -1.00000000
   701     0.00017101    -1.00000000
   702     0.00016701    -1.00000000
   703     0.00016301    -1.00000000
   704     0.00015901    -1.00000000
   705     0.00015501    -1.00000000
   706     0.00015101    -1.00000000
   707     0.00014801    -1.00000000
   708     0.00014401    -1.00000000
   709     0.00014001    -1.00000000
   710     0.00013701    -1.00000000
   711     0.00013401    -1.00000000
   712     0.00013001    -1.00000000
   713     0.00012701    -1.00000000
   714     0.00012401    -1.00000000
   715     0.00012101    -1.00000000
   716     0.00011801    -1.00000000
   717     0.00011501    -1.00000000
   718     0.00011201    -1.00000000
   719     0.00010901    -1.00000000
   720     0.00010601    -1.00000000
   721     0.00010401    -1.00000000
   722     0.00010101    -1.00000000
   723     0.00009901    -1.00000000
   724     0.00009601    -1.00000000
   725     0.00009401    -1.00000000
   726     0.00009101    -1.00000000
   727     0.00008901    -1.00000000
   728     0.00008701    -1.00000000
   729     0.00008501    -1.00000000
   730     0.00008201    -1.00000000
   731     0.00008001    -1.00000000
   732     0.00007801    -1.00000000
   733     0.00007601    -1.00000000
   734     0.00007401    -1.00000000
   735     0.00007201    -1.00000000
   736     0.00007101    -1.00000000
   737     0.00006901    -1.00000000
   738     0.00006701    -1.00000000
   739     0.00006501    -1.00000000
   740     0.00006401    -1.00000000
   741     0.00006201    -1.00000000
   742     0.00006000    -1.00000000
   743     0.00005900    -1.00000000
   744     0.00005700    -1.00000000
   745     0.00005600    -1.00000000
   746     0.00005400    -1.00000000
   747     0.00005300    -1.00000000
   748     0.00005200    -1.00000000
   749     0.00005000    -1.00000000
   750     0.00004900    -1.00000000
