# Wilkinson Microwave Anisotropy Probe (WMAP) 9 year data release, version 5.1
# Beam Transfer Function (amplitude) for differencing assembly Ka1,
# normalized to 1.0 at l=1.  The window function is the square of the
# beam transfer function.
# Reference = WMAP Explanatory Supplement: http://lambda.gsfc.nasa.gov/
# Column 1 = multipole moment l
# Column 2 = beam transfer function (amplitude), dimensionless units.
# Column 3 = 1-sigma frectional error,  delta_b_l / b_l.  See 
#             Hill et al. 2009 ApJ 180,246 for a detailed discussion of 
#             error computation.
# 
     0     1.00003659     0.00000775
     1     1.00000000     0.00000000
     2     0.99992687     0.00001546
     3     0.99981723     0.00003859
     4     0.99967113     0.00006928
     5     0.99948871     0.00010743
     6     0.99927005     0.00015289
     7     0.99901531     0.00020550
     8     0.99872463     0.00026506
     9     0.99839821     0.00033133
    10     0.99803623     0.00040409
    11     0.99763894     0.00048306
    12     0.99720655     0.00056794
    13     0.99673932     0.00065844
    14     0.99623755     0.00075420
    15     0.99570149     0.00085490
    16     0.99513146     0.00096017
    17     0.99452778     0.00106962
    18     0.99389075     0.00118287
    19     0.99322072     0.00129952
    20     0.99251805     0.00141916
    21     0.99178306     0.00154137
    22     0.99101610     0.00166574
    23     0.99021758     0.00179185
    24     0.98938783     0.00191927
    25     0.98852723     0.00204758
    26     0.98763614     0.00217636
    27     0.98671493     0.00230520
    28     0.98576396     0.00243369
    29     0.98478363     0.00256144
    30     0.98377428     0.00268806
    31     0.98273626     0.00281318
    32     0.98166994     0.00293642
    33     0.98057567     0.00305746
    34     0.97945378     0.00317595
    35     0.97830462     0.00329159
    36     0.97712850     0.00340409
    37     0.97592575     0.00351317
    38     0.97469670     0.00361859
    39     0.97344163     0.00372011
    40     0.97216085     0.00381753
    41     0.97085465     0.00391067
    42     0.96952330     0.00399937
    43     0.96816707     0.00408349
    44     0.96678622     0.00416292
    45     0.96538103     0.00423758
    46     0.96395173     0.00430740
    47     0.96249854     0.00437235
    48     0.96102172     0.00443240
    49     0.95952150     0.00448756
    50     0.95799810     0.00453787
    51     0.95645171     0.00458337
    52     0.95488258     0.00462413
    53     0.95329091     0.00466024
    54     0.95167691     0.00469180
    55     0.95004077     0.00471895
    56     0.94838271     0.00474182
    57     0.94670292     0.00476057
    58     0.94500162     0.00477535
    59     0.94327901     0.00478637
    60     0.94153528     0.00479379
    61     0.93977067     0.00479782
    62     0.93798539     0.00479867
    63     0.93617963     0.00479654
    64     0.93435365     0.00479166
    65     0.93250765     0.00478424
    66     0.93064187     0.00477449
    67     0.92875656     0.00476265
    68     0.92685195     0.00474893
    69     0.92492830     0.00473354
    70     0.92298586     0.00471671
    71     0.92102493     0.00469864
    72     0.91904573     0.00467953
    73     0.91704859     0.00465958
    74     0.91503377     0.00463898
    75     0.91300157     0.00461792
    76     0.91095229     0.00459657
    77     0.90888626     0.00457509
    78     0.90680377     0.00455364
    79     0.90470515     0.00453238
    80     0.90259072     0.00451143
    81     0.90046082     0.00449093
    82     0.89831578     0.00447099
    83     0.89615593     0.00445171
    84     0.89398163     0.00443321
    85     0.89179321     0.00441555
    86     0.88959103     0.00439883
    87     0.88737541     0.00438310
    88     0.88514674     0.00436842
    89     0.88290531     0.00435485
    90     0.88065149     0.00434241
    91     0.87838563     0.00433114
    92     0.87610805     0.00432106
    93     0.87381910     0.00431218
    94     0.87151909     0.00430449
    95     0.86920835     0.00429799
    96     0.86688720     0.00429267
    97     0.86455594     0.00428851
    98     0.86221487     0.00428546
    99     0.85986429     0.00428350
   100     0.85750446     0.00428257
   101     0.85513569     0.00428264
   102     0.85275819     0.00428363
   103     0.85037227     0.00428550
   104     0.84797813     0.00428816
   105     0.84557600     0.00429155
   106     0.84316612     0.00429560
   107     0.84074868     0.00430022
   108     0.83832389     0.00430534
   109     0.83589192     0.00431087
   110     0.83345295     0.00431672
   111     0.83100713     0.00432282
   112     0.82855462     0.00432908
   113     0.82609555     0.00433542
   114     0.82363006     0.00434175
   115     0.82115826     0.00434800
   116     0.81868025     0.00435408
   117     0.81619615     0.00435993
   118     0.81370603     0.00436547
   119     0.81120999     0.00437065
   120     0.80870810     0.00437539
   121     0.80620042     0.00437965
   122     0.80368703     0.00438337
   123     0.80116797     0.00438650
   124     0.79864330     0.00438901
   125     0.79611308     0.00439087
   126     0.79357734     0.00439204
   127     0.79103614     0.00439250
   128     0.78848951     0.00439225
   129     0.78593751     0.00439127
   130     0.78338016     0.00438956
   131     0.78081752     0.00438713
   132     0.77824965     0.00438397
   133     0.77567656     0.00438011
   134     0.77309832     0.00437557
   135     0.77051497     0.00437037
   136     0.76792659     0.00436454
   137     0.76533322     0.00435813
   138     0.76273494     0.00435115
   139     0.76013180     0.00434367
   140     0.75752388     0.00433572
   141     0.75491128     0.00432735
   142     0.75229406     0.00431862
   143     0.74967232     0.00430957
   144     0.74704617     0.00430027
   145     0.74441569     0.00429076
   146     0.74178099     0.00428111
   147     0.73914220     0.00427136
   148     0.73649943     0.00426158
   149     0.73385278     0.00425182
   150     0.73120242     0.00424213
   151     0.72854845     0.00423257
   152     0.72589101     0.00422318
   153     0.72323025     0.00421400
   154     0.72056631     0.00420509
   155     0.71789932     0.00419648
   156     0.71522944     0.00418821
   157     0.71255681     0.00418031
   158     0.70988160     0.00417281
   159     0.70720395     0.00416573
   160     0.70452398     0.00415909
   161     0.70184187     0.00415291
   162     0.69915776     0.00414721
   163     0.69647180     0.00414197
   164     0.69378412     0.00413722
   165     0.69109486     0.00413295
   166     0.68840419     0.00412915
   167     0.68571219     0.00412582
   168     0.68301904     0.00412295
   169     0.68032484     0.00412051
   170     0.67762970     0.00411850
   171     0.67493374     0.00411690
   172     0.67223710     0.00411568
   173     0.66953985     0.00411483
   174     0.66684210     0.00411431
   175     0.66414393     0.00411412
   176     0.66144544     0.00411422
   177     0.65874671     0.00411458
   178     0.65604781     0.00411520
   179     0.65334880     0.00411603
   180     0.65064975     0.00411706
   181     0.64795072     0.00411826
   182     0.64525177     0.00411962
   183     0.64255293     0.00412111
   184     0.63985425     0.00412271
   185     0.63715578     0.00412441
   186     0.63445755     0.00412619
   187     0.63175959     0.00412803
   188     0.62906193     0.00412991
   189     0.62636459     0.00413183
   190     0.62366760     0.00413378
   191     0.62097100     0.00413573
   192     0.61827480     0.00413769
   193     0.61557904     0.00413964
   194     0.61288371     0.00414157
   195     0.61018889     0.00414348
   196     0.60749455     0.00414537
   197     0.60480076     0.00414722
   198     0.60210754     0.00414903
   199     0.59941494     0.00415079
   200     0.59672297     0.00415252
   201     0.59403170     0.00415419
   202     0.59134118     0.00415582
   203     0.58865146     0.00415739
   204     0.58596257     0.00415892
   205     0.58327462     0.00416040
   206     0.58058767     0.00416183
   207     0.57790178     0.00416321
   208     0.57521705     0.00416456
   209     0.57253356     0.00416587
   210     0.56985141     0.00416715
   211     0.56717068     0.00416841
   212     0.56449153     0.00416965
   213     0.56181403     0.00417088
   214     0.55913834     0.00417212
   215     0.55646454     0.00417337
   216     0.55379279     0.00417464
   217     0.55112322     0.00417595
   218     0.54845599     0.00417730
   219     0.54579123     0.00417871
   220     0.54312908     0.00418019
   221     0.54046971     0.00418175
   222     0.53781329     0.00418340
   223     0.53515996     0.00418516
   224     0.53250989     0.00418703
   225     0.52986323     0.00418903
   226     0.52722016     0.00419116
   227     0.52458085     0.00419343
   228     0.52194545     0.00419585
   229     0.51931413     0.00419842
   230     0.51668704     0.00420114
   231     0.51406436     0.00420402
   232     0.51144623     0.00420706
   233     0.50883280     0.00421024
   234     0.50622422     0.00421358
   235     0.50362065     0.00421706
   236     0.50102222     0.00422067
   237     0.49842905     0.00422441
   238     0.49584129     0.00422827
   239     0.49325904     0.00423224
   240     0.49068244     0.00423631
   241     0.48811157     0.00424045
   242     0.48554654     0.00424466
   243     0.48298745     0.00424893
   244     0.48043439     0.00425323
   245     0.47788740     0.00425756
   246     0.47534659     0.00426191
   247     0.47281200     0.00426625
   248     0.47028370     0.00427057
   249     0.46776171     0.00427486
   250     0.46524608     0.00427912
   251     0.46273683     0.00428332
   252     0.46023401     0.00428746
   253     0.45773760     0.00429153
   254     0.45524762     0.00429553
   255     0.45276408     0.00429944
   256     0.45028696     0.00430327
   257     0.44781627     0.00430700
   258     0.44535198     0.00431064
   259     0.44289407     0.00431419
   260     0.44044250     0.00431765
   261     0.43799726     0.00432101
   262     0.43555832     0.00432428
   263     0.43312562     0.00432747
   264     0.43069915     0.00433057
   265     0.42827883     0.00433360
   266     0.42586467     0.00433655
   267     0.42345658     0.00433943
   268     0.42105455     0.00434225
   269     0.41865852     0.00434502
   270     0.41626846     0.00434773
   271     0.41388432     0.00435041
   272     0.41150607     0.00435304
   273     0.40913366     0.00435565
   274     0.40676709     0.00435823
   275     0.40440628     0.00436080
   276     0.40205124     0.00436335
   277     0.39970194     0.00436589
   278     0.39735835     0.00436842
   279     0.39502048     0.00437096
   280     0.39268829     0.00437350
   281     0.39036178     0.00437604
   282     0.38804097     0.00437858
   283     0.38572585     0.00438113
   284     0.38341644     0.00438368
   285     0.38111274     0.00438623
   286     0.37881478     0.00438878
   287     0.37652257     0.00439133
   288     0.37423617     0.00439386
   289     0.37195560     0.00439638
   290     0.36968090     0.00439887
   291     0.36741211     0.00440133
   292     0.36514929     0.00440375
   293     0.36289248     0.00440612
   294     0.36064175     0.00440842
   295     0.35839717     0.00441065
   296     0.35615878     0.00441278
   297     0.35392667     0.00441482
   298     0.35170090     0.00441674
   299     0.34948154     0.00441853
   300     0.34726868     0.00442018
   301     0.34506239     0.00442167
   302     0.34286274     0.00442299
   303     0.34066983     0.00442413
   304     0.33848372     0.00442508
   305     0.33630451     0.00442583
   306     0.33413226     0.00442636
   307     0.33196709     0.00442668
   308     0.32980903     0.00442677
   309     0.32765820     0.00442663
   310     0.32551467     0.00442627
   311     0.32337849     0.00442567
   312     0.32124979     0.00442485
   313     0.31912859     0.00442381
   314     0.31701498     0.00442256
   315     0.31490904     0.00442111
   316     0.31281083     0.00441948
   317     0.31072042     0.00441768
   318     0.30863786     0.00441572
   319     0.30656320     0.00441364
   320     0.30449652     0.00441144
   321     0.30243786     0.00440917
   322     0.30038727     0.00440685
   323     0.29834479     0.00440450
   324     0.29631048     0.00440215
   325     0.29428434     0.00439985
   326     0.29226646     0.00439761
   327     0.29025683     0.00439548
   328     0.28825549     0.00439348
   329     0.28626248     0.00439165
   330     0.28427782     0.00439003
   331     0.28230152     0.00438865
   332     0.28033360     0.00438754
   333     0.27837408     0.00438673
   334     0.27642296     0.00438625
   335     0.27448027     0.00438613
   336     0.27254601     0.00438641
   337     0.27062017     0.00438710
   338     0.26870276     0.00438823
   339     0.26679381     0.00438981
   340     0.26489328     0.00439188
   341     0.26300121     0.00439445
   342     0.26111755     0.00439753
   343     0.25924232     0.00440113
   344     0.25737552     0.00440526
   345     0.25551712     0.00440994
   346     0.25366715     0.00441515
   347     0.25182556     0.00442091
   348     0.24999237     0.00442720
   349     0.24816753     0.00443403
   350     0.24635108     0.00444139
   351     0.24454298     0.00444925
   352     0.24274322     0.00445762
   353     0.24095179     0.00446646
   354     0.23916869     0.00447575
   355     0.23739389     0.00448548
   356     0.23562739     0.00449561
   357     0.23386916     0.00450611
   358     0.23211921     0.00451695
   359     0.23037752     0.00452810
   360     0.22864407     0.00453950
   361     0.22691886     0.00455113
   362     0.22520188     0.00456294
   363     0.22349311     0.00457489
   364     0.22179255     0.00458692
   365     0.22010019     0.00459901
   366     0.21841601     0.00461109
   367     0.21674000     0.00462312
   368     0.21507218     0.00463507
   369     0.21341252     0.00464687
   370     0.21176100     0.00465850
   371     0.21011764     0.00466990
   372     0.20848244     0.00468105
   373     0.20685537     0.00469190
   374     0.20523646     0.00470241
   375     0.20362568     0.00471257
   376     0.20202305     0.00472234
   377     0.20042855     0.00473170
   378     0.19884221     0.00474063
   379     0.19726398     0.00474913
   380     0.19569394     0.00475717
   381     0.19413204     0.00476476
   382     0.19257831     0.00477189
   383     0.19103275     0.00477858
   384     0.18949535     0.00478482
   385     0.18796617     0.00479064
   386     0.18644520     0.00479604
   387     0.18493242     0.00480106
   388     0.18342789     0.00480571
   389     0.18193163     0.00481002
   390     0.18044363     0.00481402
   391     0.17896392     0.00481775
   392     0.17749252     0.00482124
   393     0.17602945     0.00482452
   394     0.17457475     0.00482764
   395     0.17312842     0.00483064
   396     0.17169052     0.00483354
   397     0.17026104     0.00483639
   398     0.16884003     0.00483923
   399     0.16742752     0.00484210
   400     0.16602352     0.00484503
   401     0.16462808     0.00484807
   402     0.16324122     0.00485124
   403     0.16186298     0.00485458
   404     0.16049338     0.00485813
   405     0.15913244     0.00486191
   406     0.15778022     0.00486595
   407     0.15643672     0.00487028
   408     0.15510198     0.00487494
   409     0.15377602     0.00487993
   410     0.15245888     0.00488529
   411     0.15115056     0.00489104
   412     0.14985111     0.00489719
   413     0.14856053     0.00490377
   414     0.14727884     0.00491078
   415     0.14600606     0.00491825
   416     0.14474220     0.00492618
   417     0.14348727     0.00493459
   418     0.14224127     0.00494348
   419     0.14100421     0.00495286
   420     0.13977609     0.00496273
   421     0.13855690     0.00497310
   422     0.13734663     0.00498396
   423     0.13614527     0.00499532
   424     0.13495281     0.00500715
   425     0.13376922     0.00501947
   426     0.13259448     0.00503224
   427     0.13142855     0.00504547
   428     0.13027140     0.00505914
   429     0.12912300     0.00507321
   430     0.12798329     0.00508769
   431     0.12685224     0.00510254
   432     0.12572978     0.00511773
   433     0.12461587     0.00513324
   434     0.12351044     0.00514905
   435     0.12241342     0.00516512
   436     0.12132475     0.00518142
   437     0.12024436     0.00519792
   438     0.11917216     0.00521460
   439     0.11810808     0.00523142
   440     0.11705203     0.00524836
   441     0.11600394     0.00526538
   442     0.11496371     0.00528246
   443     0.11393125     0.00529958
   444     0.11290647     0.00531671
   445     0.11188927     0.00533384
   446     0.11087957     0.00535094
   447     0.10987727     0.00536801
   448     0.10888227     0.00538503
   449     0.10789447     0.00540200
   450     0.10691379     0.00541891
   451     0.10594012     0.00543576
   452     0.10497337     0.00545254
   453     0.10401345     0.00546928
   454     0.10306028     0.00548596
   455     0.10211375     0.00550261
   456     0.10117379     0.00551924
   457     0.10024032     0.00553585
   458     0.09931324     0.00555248
   459     0.09839250     0.00556914
   460     0.09747801     0.00558586
   461     0.09656970     0.00560266
   462     0.09566751     0.00561957
   463     0.09477139     0.00563661
   464     0.09388126     0.00565383
   465     0.09299709     0.00567125
   466     0.09211882     0.00568891
   467     0.09124642     0.00570685
   468     0.09037984     0.00572511
   469     0.08951905     0.00574374
   470     0.08866403     0.00576276
   471     0.08781474     0.00578224
   472     0.08697118     0.00580221
   473     0.08613333     0.00582273
   474     0.08530117     0.00584385
   475     0.08447470     0.00586560
   476     0.08365393     0.00588806
   477     0.08283884     0.00591125
   478     0.08202945     0.00593524
   479     0.08122576     0.00596007
   480     0.08042779     0.00598579
   481     0.07963555     0.00601244
   482     0.07884905     0.00604006
   483     0.07806831     0.00606869
   484     0.07729335     0.00609835
   485     0.07652419     0.00612908
   486     0.07576085     0.00616090
   487     0.07500336     0.00619381
   488     0.07425173     0.00622782
   489     0.07350599     0.00626293
   490     0.07276615     0.00629914
   491     0.07203223     0.00633642
   492     0.07130427     0.00637476
   493     0.07058226     0.00641412
   494     0.06986622     0.00645446
   495     0.06915617     0.00649574
   496     0.06845212     0.00653792
   497     0.06775407     0.00658093
   498     0.06706202     0.00662471
   499     0.06637598     0.00666922
   500     0.06569595     0.00671439
   501     0.06502192     0.00676015
   502     0.06435387     0.00680645
   503     0.06369180     0.00685323
   504     0.06303569     0.00690044
   505     0.06238551     0.00694802
   506     0.06174125     0.00699595
   507     0.06110287     0.00704418
   508     0.06047035     0.00709269
   509     0.05984364     0.00714146
   510     0.05922271     0.00719049
   511     0.05860752     0.00723977
   512     0.05799802     0.00728931
   513     0.05739416     0.00733914
   514     0.05679590     0.00738928
   515     0.05620317     0.00743977
   516     0.05561593     0.00749067
   517     0.05503413     0.00754202
   518     0.05445769     0.00759388
   519     0.05388656     0.00764633
   520     0.05332068     0.00769942
   521     0.05275999     0.00775323
   522     0.05220443     0.00780784
   523     0.05165393     0.00786332
   524     0.05110844     0.00791974
   525     0.05056789     0.00797718
   526     0.05003222     0.00803570
   527     0.04950138     0.00809538
   528     0.04897530     0.00815627
   529     0.04845393     0.00821843
   530     0.04793722     0.00828191
   531     0.04742511     0.00834677
   532     0.04691756     0.00841304
   533     0.04641451     0.00848077
   534     0.04591593     0.00854998
   535     0.04542176     0.00862071
   536     0.04493197     0.00869299
   537     0.04444653     0.00876684
   538     0.04396540     0.00884228
   539     0.04348854     0.00891934
   540     0.04301594     0.00899803
   541     0.04254756     0.00907838
   542     0.04208338     0.00916040
   543     0.04162338     0.00924411
   544     0.04116755     0.00932954
   545     0.04071586     0.00941670
   546     0.04026832     0.00950562
   547     0.03982489     0.00959630
   548     0.03938558     0.00968877
   549     0.03895038     0.00978303
   550     0.03851928     0.00987911
   551     0.03809227     0.00997699
   552     0.03766935     0.01007669
   553     0.03725052     0.01017819
   554     0.03683576     0.01028147
   555     0.03642508     0.01038651
   556     0.03601847     0.01049327
   557     0.03561593     0.01060170
   558     0.03521745     0.01071175
   559     0.03482301     0.01082334
   560     0.03443262     0.01093640
   561     0.03404626     0.01105082
   562     0.03366391     0.01116651
   563     0.03328557     0.01128336
   564     0.03291120     0.01140124
   565     0.03254081     0.01152002
   566     0.03217435     0.01163959
   567     0.03181180     0.01175981
   568     0.03145314     0.01188055
   569     0.03109833     0.01200168
   570     0.03074733     0.01212309
   571     0.03040012     0.01224466
   572     0.03005664     0.01236630
   573     0.02971684     0.01248793
   574     0.02938070     0.01260949
   575     0.02904814     0.01273093
   576     0.02871912     0.01285222
   577     0.02839358     0.01297338
   578     0.02807145     0.01309443
   579     0.02775269     0.01321544
   580     0.02743722     0.01333648
   581     0.02712497     0.01345766
   582     0.02681589     0.01357913
   583     0.02650989     0.01370104
   584     0.02620691     0.01382360
   585     0.02590688     0.01394701
   586     0.02560971     0.01407150
   587     0.02531535     0.01419731
   588     0.02502372     0.01432472
   589     0.02473474     0.01445398
   590     0.02444834     0.01458538
   591     0.02416446     0.01471918
   592     0.02388302     0.01485566
   593     0.02360395     0.01499508
   594     0.02332719     0.01513769
   595     0.02305268     0.01528371
   596     0.02278035     0.01543335
   597     0.02251015     0.01558681
   598     0.02224202     0.01574423
   599     0.02197591     0.01590574
   600     0.02171177     0.01607144
   601     0.02144955     0.01624139
   602     0.02118922     0.01641562
   603     0.02093074     0.01659413
   604     0.02067407     0.01677689
   605     0.02041919     0.01696383
   606     0.02016607     0.01715487
   607     0.01991469     0.01734989
   608     0.01966504     0.01754877
   609     0.01941710     0.01775135
   610     0.01917088     0.01795750
   611     0.01892635     0.01816704
   612     0.01868353     0.01837981
   613     0.01844242     0.01859566
   614     0.01820302     0.01881443
   615     0.01796535     0.01903599
   616     0.01772943     0.01926021
   617     0.01749527     0.01948700
   618     0.01726289     0.01971629
   619     0.01703232     0.01994801
   620     0.01680358     0.02018218
   621     0.01657669     0.02041878
   622     0.01635170     0.02065787
   623     0.01612862     0.02089954
   624     0.01590749     0.02114389
   625     0.01568835     0.02139108
   626     0.01547122     0.02164128
   627     0.01525615     0.02189470
   628     0.01504315     0.02215157
   629     0.01483227     0.02241216
   630     0.01462354     0.02267674
   631     0.01441698     0.02294561
   632     0.01421263     0.02321906
   633     0.01401052     0.02349741
   634     0.01381067     0.02378097
   635     0.01361311     0.02407004
   636     0.01341785     0.02436494
   637     0.01322492     0.02466594
   638     0.01303434     0.02497331
   639     0.01284612     0.02528731
   640     0.01266028     0.02560814
   641     0.01247682     0.02593601
   642     0.01229574     0.02627108
   643     0.01211706     0.02661347
   644     0.01194077     0.02696329
   645     0.01176688     0.02732060
   646     0.01159537     0.02768544
   647     0.01142624     0.02805780
   648     0.01125948     0.02843766
   649     0.01109508     0.02882498
   650     0.01093301     0.02921968
   651     0.01077327     0.02962168
   652     0.01061582     0.03003090
   653     0.01046066     0.03044724
   654     0.01030775     0.03087061
   655     0.01015707     0.03130093
   656     0.01000859     0.03173813
   657     0.00986228     0.03218217
   658     0.00971811     0.03263303
   659     0.00957605     0.03309074
   660     0.00943607     0.03355535
   661     0.00929814     0.03402696
   662     0.00916221     0.03450573
   663     0.00902826     0.03499186
   664     0.00889626     0.03548560
   665     0.00876616     0.03598725
   666     0.00863794     0.03649716
   667     0.00851157     0.03701575
   668     0.00838700     0.03754347
   669     0.00826422     0.03808080
   670     0.00814318     0.03862827
   671     0.00802385     0.03918645
   672     0.00790622     0.03975590
   673     0.00779024     0.04033722
   674     0.00767590     0.04093101
   675     0.00756316     0.04153784
   676     0.00745199     0.04215828
   677     0.00734238     0.04279288
   678     0.00723429     0.04344215
   679     0.00712772     0.04410654
   680     0.00702262     0.04478647
   681     0.00691898     0.04548227
   682     0.00681679     0.04619424
   683     0.00671601     0.04692259
   684     0.00661663     0.04766745
   685     0.00651863     0.04842892
   686     0.00642199     0.04920697
   687     0.00632669     0.05000156
   688     0.00623270     0.05081256
   689     0.00614002     0.05163980
   690     0.00604861     0.05248305
   691     0.00595847     0.05334208
   692     0.00586955     0.05421662
   693     0.00578186     0.05510638
   694     0.00569535     0.05601111
   695     0.00561001     0.05693055
   696     0.00552581     0.05786450
   697     0.00544273     0.05881280
   698     0.00536073     0.05977535
   699     0.00527980     0.06075212
   700     0.00519989     0.06174317
   701     0.00512099     0.06274868
   702     0.00504305     0.06376889
   703     0.00496604     0.06480417
   704     0.00488994     0.06585500
   705     0.00481469     0.06692195
   706     0.00474028     0.06800572
   707     0.00466665     0.06910710
   708     0.00459377     0.07022697
   709     0.00452161     0.07136630
   710     0.00445011     0.07252613
   711     0.00437925     0.07370752
   712     0.00430898     0.07491162
   713     0.00423926     0.07613956
   714     0.00417005     0.07739250
   715     0.00410132     0.07867156
   716     0.00403302     0.07997784
   717     0.00396512     0.08131238
   718     0.00389758     0.08267616
   719     0.00383037     0.08407008
   720     0.00376346     0.08549493
   721     0.00369681     0.08695142
   722     0.00363039     0.08844014
   723     0.00356419     0.08996159
   724     0.00349817     0.09151614
   725     0.00343233     0.09310409
   726     0.00336664     0.09472562
   727     0.00330108     0.09638086
   728     0.00323566     0.09806985
   729     0.00317037     0.09979261
   730     0.00310520     0.10154913
   731     0.00304016     0.10333936
   732     0.00297526     0.10516333
   733     0.00291050     0.10702106
   734     0.00284591     0.10891268
   735     0.00278151     0.11083837
   736     0.00271732     0.11279842
   737     0.00265337     0.11479329
   738     0.00258970     0.11682352
   739     0.00252635     0.11888986
   740     0.00246336     0.12099318
   741     0.00240077     0.12313456
   742     0.00233864     0.12531523
   743     0.00227702     0.12753659
   744     0.00221597     0.12980025
   745     0.00215556     0.13210790
   746     0.00209584     0.13446146
   747     0.00203689     0.13686293
   748     0.00197878     0.13931446
   749     0.00192156     0.14181823
   750     0.00186533     0.14437655
   751     0.00181015     0.14699174
   752     0.00175609     0.14966618
   753     0.00170323     0.15240216
   754     0.00165165     0.15520206
   755     0.00160143     0.15806811
   756     0.00155262     0.16100252
   757     0.00150531     0.16400737
   758     0.00145956     0.16708466
   759     0.00141544     0.17023629
   760     0.00137302     0.17346397
   761     0.00133236     0.17676932
   762     0.00129351     0.18015377
   763     0.00125652     0.18361866
   764     0.00122145     0.18716519
   765     0.00118834     0.19079435
   766     0.00115722     0.19450706
   767     0.00112814     0.19830413
   768     0.00110111     0.20218621
   769     0.00107617     0.20615388
   770     0.00105331     0.21020761
   771     0.00103256     0.21434778
   772     0.00101392     0.21857472
   773     0.00099737     0.22288869
   774     0.00098291     0.22728987
   775     0.00097051     0.23177841
   776     0.00096017     0.23635441
   777     0.00095183     0.24101794
   778     0.00094546     0.24576902
   779     0.00094102     0.25060767
   780     0.00093845     0.25553384
   781     0.00093769     0.26054752
   782     0.00093869     0.26564866
   783     0.00094136     0.27083728
   784     0.00094563     0.27611327
   785     0.00095143     0.28147677
   786     0.00095865     0.28692779
   787     0.00096722     0.29246658
   788     0.00097703     0.29809338
   789     0.00098799     0.30380869
   790     0.00099998     0.30961317
   791     0.00101292     0.31550768
   792     0.00102668     0.32149345
   793     0.00104115     0.32757196
   794     0.00105624     0.33374515
   795     0.00107181     0.34001532
   796     0.00108776     0.34638539
   797     0.00110397     0.35285863
   798     0.00112033     0.35943907
   799     0.00113673     0.36613125
   800     0.00115305     0.37294030
   801     0.00116919     0.37987214
   802     0.00118503     0.38693327
   803     0.00120048     0.39413080
   804     0.00121544     0.40147251
   805     0.00122979     0.40896675
   806     0.00124346     0.41662237
   807     0.00125634     0.42444870
   808     0.00126836     0.43245536
   809     0.00127943     0.44065222
   810     0.00128949     0.44904932
   811     0.00129844     0.45765659
   812     0.00130624     0.46648374
   813     0.00131283     0.47554025
   814     0.00131814     0.48483494
   815     0.00132214     0.49437600
   816     0.00132478     0.50417072
   817     0.00132603     0.51422524
   818     0.00132585     0.52454472
   819     0.00132423     0.53513265
   820     0.00132114     0.54599124
   821     0.00131658     0.55712092
   822     0.00131054     0.56852043
   823     0.00130302     0.58018672
   824     0.00129402     0.59211493
   825     0.00128356     0.60429823
   826     0.00127165     0.61672801
   827     0.00125832     0.62939382
   828     0.00124358     0.64228356
   829     0.00122748     0.65538329
   830     0.00121004     0.66867787
   831     0.00119130     0.68215066
   832     0.00117131     0.69578391
   833     0.00115010     0.70955902
   834     0.00112774     0.72345662
   835     0.00110426     0.73745698
   836     0.00107973     0.75154012
   837     0.00105419     0.76568633
   838     0.00102772     0.77987611
   839     0.00100035     0.79409075
   840     0.00097217     0.80831236
   841     0.00094322     0.82252425
   842     0.00091356     0.83671123
   843     0.00088328     0.85085964
   844     0.00085241     0.86495781
   845     0.00082103     0.87899595
   846     0.00078921     0.89296633
   847     0.00075699     0.90686363
   848     0.00072446     0.92068470
   849     0.00069165     0.93442869
   850     0.00065864     0.94809699
