# Wilkinson Microwave Anisotropy Probe (WMAP) 9 year data release, version 5.1
# Beam Transfer Function (amplitude) for differencing assembly W3,
# normalized to 1.0 at l=1.  The window function is the square of the
# beam transfer function.
# Reference = WMAP Explanatory Supplement: http://lambda.gsfc.nasa.gov/
# Column 1 = multipole moment l
# Column 2 = beam transfer function (amplitude), dimensionless units.
# Column 3 = 1-sigma frectional error,  delta_b_l / b_l.  See 
#             Hill et al. 2009 ApJ 180,246 for a detailed discussion of 
#             error computation.
# 
     0     1.00001571     0.00000293
     1     1.00000000     0.00000000
     2     0.99996860     0.00000585
     3     0.99992148     0.00001462
     4     0.99985869     0.00002630
     5     0.99978022     0.00004087
     6     0.99968610     0.00005831
     7     0.99957634     0.00007860
     8     0.99945098     0.00010172
     9     0.99931002     0.00012763
    10     0.99915352     0.00015631
    11     0.99898149     0.00018771
    12     0.99879400     0.00022180
    13     0.99859104     0.00025853
    14     0.99837269     0.00029786
    15     0.99813900     0.00033974
    16     0.99789000     0.00038412
    17     0.99762574     0.00043094
    18     0.99734629     0.00048014
    19     0.99705169     0.00053166
    20     0.99674203     0.00058544
    21     0.99641735     0.00064140
    22     0.99607772     0.00069950
    23     0.99572320     0.00075964
    24     0.99535388     0.00082176
    25     0.99496983     0.00088578
    26     0.99457111     0.00095163
    27     0.99415781     0.00101921
    28     0.99373000     0.00108847
    29     0.99328778     0.00115930
    30     0.99283121     0.00123162
    31     0.99236038     0.00130536
    32     0.99187538     0.00138042
    33     0.99137630     0.00145671
    34     0.99086325     0.00153415
    35     0.99033628     0.00161264
    36     0.98979551     0.00169210
    37     0.98924103     0.00177243
    38     0.98867293     0.00185355
    39     0.98809131     0.00193536
    40     0.98749625     0.00201776
    41     0.98688788     0.00210068
    42     0.98626628     0.00218401
    43     0.98563154     0.00226767
    44     0.98498379     0.00235157
    45     0.98432309     0.00243561
    46     0.98364957     0.00251971
    47     0.98296332     0.00260378
    48     0.98226444     0.00268773
    49     0.98155305     0.00277148
    50     0.98082923     0.00285495
    51     0.98009309     0.00293804
    52     0.97934472     0.00302068
    53     0.97858425     0.00310279
    54     0.97781175     0.00318430
    55     0.97702736     0.00326511
    56     0.97623114     0.00334517
    57     0.97542322     0.00342440
    58     0.97460369     0.00350273
    59     0.97377265     0.00358009
    60     0.97293020     0.00365642
    61     0.97207645     0.00373165
    62     0.97121148     0.00380573
    63     0.97033542     0.00387859
    64     0.96944833     0.00395018
    65     0.96855035     0.00402046
    66     0.96764156     0.00408936
    67     0.96672204     0.00415684
    68     0.96579191     0.00422287
    69     0.96485124     0.00428739
    70     0.96390017     0.00435037
    71     0.96293876     0.00441178
    72     0.96196712     0.00447158
    73     0.96098534     0.00452974
    74     0.95999352     0.00458623
    75     0.95899175     0.00464104
    76     0.95798012     0.00469413
    77     0.95695872     0.00474550
    78     0.95592766     0.00479513
    79     0.95488701     0.00484300
    80     0.95383688     0.00488911
    81     0.95277736     0.00493345
    82     0.95170854     0.00497601
    83     0.95063050     0.00501679
    84     0.94954333     0.00505580
    85     0.94844716     0.00509303
    86     0.94734205     0.00512850
    87     0.94622809     0.00516222
    88     0.94510537     0.00519418
    89     0.94397400     0.00522442
    90     0.94283405     0.00525293
    91     0.94168563     0.00527975
    92     0.94052883     0.00530488
    93     0.93936374     0.00532835
    94     0.93819044     0.00535019
    95     0.93700903     0.00537042
    96     0.93581961     0.00538906
    97     0.93462227     0.00540615
    98     0.93341711     0.00542170
    99     0.93220422     0.00543577
   100     0.93098369     0.00544837
   101     0.92975561     0.00545954
   102     0.92852010     0.00546931
   103     0.92727724     0.00547772
   104     0.92602714     0.00548482
   105     0.92476990     0.00549062
   106     0.92350559     0.00549518
   107     0.92223435     0.00549852
   108     0.92095625     0.00550070
   109     0.91967141     0.00550174
   110     0.91837992     0.00550169
   111     0.91708190     0.00550059
   112     0.91577746     0.00549847
   113     0.91446667     0.00549539
   114     0.91314968     0.00549137
   115     0.91182656     0.00548646
   116     0.91049744     0.00548070
   117     0.90916243     0.00547412
   118     0.90782163     0.00546677
   119     0.90647517     0.00545868
   120     0.90512313     0.00544990
   121     0.90376565     0.00544046
   122     0.90240283     0.00543040
   123     0.90103480     0.00541975
   124     0.89966167     0.00540855
   125     0.89828354     0.00539684
   126     0.89690055     0.00538465
   127     0.89551281     0.00537201
   128     0.89412043     0.00535896
   129     0.89272355     0.00534554
   130     0.89132228     0.00533176
   131     0.88991674     0.00531767
   132     0.88850705     0.00530328
   133     0.88709333     0.00528864
   134     0.88567572     0.00527377
   135     0.88425433     0.00525869
   136     0.88282927     0.00524343
   137     0.88140070     0.00522802
   138     0.87996871     0.00521248
   139     0.87853345     0.00519684
   140     0.87709503     0.00518111
   141     0.87565356     0.00516531
   142     0.87420922     0.00514948
   143     0.87276208     0.00513362
   144     0.87131228     0.00511776
   145     0.86985996     0.00510191
   146     0.86840523     0.00508610
   147     0.86694822     0.00507033
   148     0.86548906     0.00505463
   149     0.86402788     0.00503900
   150     0.86256477     0.00502347
   151     0.86109989     0.00500804
   152     0.85963334     0.00499272
   153     0.85816526     0.00497754
   154     0.85669575     0.00496249
   155     0.85522495     0.00494760
   156     0.85375296     0.00493286
   157     0.85227992     0.00491830
   158     0.85080594     0.00490391
   159     0.84933113     0.00488970
   160     0.84785560     0.00487569
   161     0.84637948     0.00486188
   162     0.84490287     0.00484827
   163     0.84342590     0.00483488
   164     0.84194867     0.00482170
   165     0.84047128     0.00480875
   166     0.83899384     0.00479602
   167     0.83751647     0.00478352
   168     0.83603927     0.00477126
   169     0.83456232     0.00475924
   170     0.83308576     0.00474746
   171     0.83160966     0.00473593
   172     0.83013413     0.00472465
   173     0.82865924     0.00471361
   174     0.82718513     0.00470283
   175     0.82571186     0.00469231
   176     0.82423953     0.00468204
   177     0.82276823     0.00467203
   178     0.82129802     0.00466228
   179     0.81982903     0.00465279
   180     0.81836130     0.00464357
   181     0.81689494     0.00463461
   182     0.81543000     0.00462591
   183     0.81396659     0.00461749
   184     0.81250475     0.00460933
   185     0.81104456     0.00460143
   186     0.80958610     0.00459381
   187     0.80812943     0.00458645
   188     0.80667462     0.00457937
   189     0.80522172     0.00457255
   190     0.80377081     0.00456601
   191     0.80232192     0.00455973
   192     0.80087513     0.00455373
   193     0.79943048     0.00454800
   194     0.79798803     0.00454254
   195     0.79654783     0.00453736
   196     0.79510990     0.00453245
   197     0.79367432     0.00452781
   198     0.79224112     0.00452344
   199     0.79081035     0.00451935
   200     0.78938202     0.00451553
   201     0.78795619     0.00451198
   202     0.78653288     0.00450871
   203     0.78511213     0.00450571
   204     0.78369396     0.00450299
   205     0.78227842     0.00450053
   206     0.78086552     0.00449835
   207     0.77945529     0.00449644
   208     0.77804773     0.00449481
   209     0.77664287     0.00449344
   210     0.77524074     0.00449234
   211     0.77384134     0.00449152
   212     0.77244469     0.00449096
   213     0.77105081     0.00449067
   214     0.76965971     0.00449064
   215     0.76827138     0.00449089
   216     0.76688584     0.00449139
   217     0.76550308     0.00449216
   218     0.76412312     0.00449319
   219     0.76274596     0.00449447
   220     0.76137160     0.00449601
   221     0.76000002     0.00449781
   222     0.75863123     0.00449986
   223     0.75726524     0.00450216
   224     0.75590199     0.00450470
   225     0.75454155     0.00450749
   226     0.75318385     0.00451051
   227     0.75182889     0.00451378
   228     0.75047668     0.00451727
   229     0.74912718     0.00452100
   230     0.74778040     0.00452495
   231     0.74643630     0.00452912
   232     0.74509489     0.00453351
   233     0.74375612     0.00453811
   234     0.74241999     0.00454291
   235     0.74108647     0.00454792
   236     0.73975556     0.00455312
   237     0.73842722     0.00455851
   238     0.73710142     0.00456408
   239     0.73577814     0.00456983
   240     0.73445736     0.00457575
   241     0.73313907     0.00458183
   242     0.73182320     0.00458807
   243     0.73050976     0.00459446
   244     0.72919871     0.00460100
   245     0.72789001     0.00460766
   246     0.72658365     0.00461445
   247     0.72527959     0.00462136
   248     0.72397781     0.00462838
   249     0.72267826     0.00463550
   250     0.72138091     0.00464271
   251     0.72008576     0.00465000
   252     0.71879272     0.00465737
   253     0.71750181     0.00466480
   254     0.71621297     0.00467228
   255     0.71492619     0.00467981
   256     0.71364140     0.00468738
   257     0.71235861     0.00469496
   258     0.71107774     0.00470257
   259     0.70979880     0.00471018
   260     0.70852174     0.00471778
   261     0.70724650     0.00472537
   262     0.70597309     0.00473293
   263     0.70470145     0.00474045
   264     0.70343156     0.00474793
   265     0.70216337     0.00475535
   266     0.70089687     0.00476271
   267     0.69963201     0.00476999
   268     0.69836876     0.00477718
   269     0.69710710     0.00478428
   270     0.69584699     0.00479127
   271     0.69458840     0.00479814
   272     0.69333129     0.00480489
   273     0.69207566     0.00481151
   274     0.69082146     0.00481798
   275     0.68956865     0.00482430
   276     0.68831723     0.00483047
   277     0.68706715     0.00483646
   278     0.68581840     0.00484228
   279     0.68457094     0.00484792
   280     0.68332477     0.00485337
   281     0.68207984     0.00485862
   282     0.68083615     0.00486367
   283     0.67959365     0.00486852
   284     0.67835235     0.00487314
   285     0.67711221     0.00487756
   286     0.67587322     0.00488175
   287     0.67463536     0.00488571
   288     0.67339862     0.00488944
   289     0.67216297     0.00489294
   290     0.67092841     0.00489620
   291     0.66969494     0.00489923
   292     0.66846252     0.00490201
   293     0.66723115     0.00490455
   294     0.66600084     0.00490685
   295     0.66477156     0.00490891
   296     0.66354331     0.00491073
   297     0.66231608     0.00491230
   298     0.66108988     0.00491364
   299     0.65986470     0.00491473
   300     0.65864054     0.00491559
   301     0.65741741     0.00491621
   302     0.65619530     0.00491660
   303     0.65497421     0.00491676
   304     0.65375417     0.00491670
   305     0.65253516     0.00491641
   306     0.65131720     0.00491591
   307     0.65010030     0.00491520
   308     0.64888448     0.00491428
   309     0.64766973     0.00491316
   310     0.64645608     0.00491184
   311     0.64524353     0.00491033
   312     0.64403212     0.00490863
   313     0.64282184     0.00490676
   314     0.64161273     0.00490472
   315     0.64040480     0.00490251
   316     0.63919809     0.00490014
   317     0.63799260     0.00489762
   318     0.63678836     0.00489496
   319     0.63558540     0.00489217
   320     0.63438375     0.00488924
   321     0.63318342     0.00488620
   322     0.63198447     0.00488304
   323     0.63078690     0.00487977
   324     0.62959076     0.00487640
   325     0.62839606     0.00487295
   326     0.62720287     0.00486941
   327     0.62601118     0.00486579
   328     0.62482105     0.00486211
   329     0.62363250     0.00485836
   330     0.62244559     0.00485456
   331     0.62126034     0.00485072
   332     0.62007678     0.00484683
   333     0.61889497     0.00484292
   334     0.61771493     0.00483897
   335     0.61653670     0.00483501
   336     0.61536031     0.00483103
   337     0.61418583     0.00482705
   338     0.61301328     0.00482307
   339     0.61184270     0.00481909
   340     0.61067412     0.00481512
   341     0.60950759     0.00481117
   342     0.60834316     0.00480725
   343     0.60718086     0.00480334
   344     0.60602072     0.00479947
   345     0.60486279     0.00479564
   346     0.60370712     0.00479185
   347     0.60255372     0.00478810
   348     0.60140267     0.00478439
   349     0.60025396     0.00478074
   350     0.59910766     0.00477715
   351     0.59796380     0.00477361
   352     0.59682240     0.00477013
   353     0.59568352     0.00476671
   354     0.59454720     0.00476336
   355     0.59341343     0.00476008
   356     0.59228228     0.00475687
   357     0.59115379     0.00475372
   358     0.59002796     0.00475065
   359     0.58890483     0.00474765
   360     0.58778445     0.00474472
   361     0.58666684     0.00474186
   362     0.58555200     0.00473908
   363     0.58443998     0.00473638
   364     0.58333082     0.00473375
   365     0.58222451     0.00473119
   366     0.58112108     0.00472871
   367     0.58002058     0.00472629
   368     0.57892299     0.00472396
   369     0.57782835     0.00472169
   370     0.57673668     0.00471949
   371     0.57564798     0.00471736
   372     0.57456228     0.00471530
   373     0.57347957     0.00471331
   374     0.57239988     0.00471138
   375     0.57132322     0.00470952
   376     0.57024959     0.00470771
   377     0.56917900     0.00470597
   378     0.56811146     0.00470429
   379     0.56704695     0.00470266
   380     0.56598550     0.00470109
   381     0.56492711     0.00469958
   382     0.56387177     0.00469811
   383     0.56281946     0.00469670
   384     0.56177021     0.00469534
   385     0.56072399     0.00469402
   386     0.55968081     0.00469276
   387     0.55864065     0.00469153
   388     0.55760350     0.00469035
   389     0.55656935     0.00468922
   390     0.55553819     0.00468812
   391     0.55451002     0.00468707
   392     0.55348481     0.00468606
   393     0.55246255     0.00468508
   394     0.55144321     0.00468415
   395     0.55042679     0.00468325
   396     0.54941326     0.00468239
   397     0.54840259     0.00468157
   398     0.54739479     0.00468079
   399     0.54638980     0.00468005
   400     0.54538763     0.00467934
   401     0.54438822     0.00467867
   402     0.54339158     0.00467805
   403     0.54239766     0.00467746
   404     0.54140644     0.00467691
   405     0.54041790     0.00467641
   406     0.53943199     0.00467594
   407     0.53844871     0.00467552
   408     0.53746801     0.00467515
   409     0.53648986     0.00467482
   410     0.53551424     0.00467454
   411     0.53454112     0.00467431
   412     0.53357045     0.00467413
   413     0.53260222     0.00467400
   414     0.53163637     0.00467393
   415     0.53067290     0.00467391
   416     0.52971176     0.00467394
   417     0.52875291     0.00467404
   418     0.52779634     0.00467420
   419     0.52684200     0.00467442
   420     0.52588985     0.00467470
   421     0.52493988     0.00467505
   422     0.52399204     0.00467546
   423     0.52304630     0.00467594
   424     0.52210262     0.00467650
   425     0.52116098     0.00467712
   426     0.52022133     0.00467782
   427     0.51928367     0.00467859
   428     0.51834795     0.00467944
   429     0.51741413     0.00468036
   430     0.51648218     0.00468136
   431     0.51555208     0.00468243
   432     0.51462379     0.00468359
   433     0.51369728     0.00468482
   434     0.51277253     0.00468613
   435     0.51184949     0.00468752
   436     0.51092816     0.00468899
   437     0.51000850     0.00469054
   438     0.50909048     0.00469217
   439     0.50817407     0.00469387
   440     0.50725923     0.00469565
   441     0.50634597     0.00469751
   442     0.50543423     0.00469944
   443     0.50452401     0.00470145
   444     0.50361526     0.00470353
   445     0.50270797     0.00470568
   446     0.50180213     0.00470790
   447     0.50089770     0.00471019
   448     0.49999465     0.00471254
   449     0.49909298     0.00471496
   450     0.49819267     0.00471743
   451     0.49729368     0.00471997
   452     0.49639600     0.00472256
   453     0.49549963     0.00472520
   454     0.49460451     0.00472789
   455     0.49371065     0.00473063
   456     0.49281804     0.00473341
   457     0.49192664     0.00473623
   458     0.49103645     0.00473909
   459     0.49014744     0.00474198
   460     0.48925963     0.00474489
   461     0.48837296     0.00474783
   462     0.48748744     0.00475079
   463     0.48660306     0.00475377
   464     0.48571979     0.00475676
   465     0.48483765     0.00475976
   466     0.48395659     0.00476275
   467     0.48307661     0.00476575
   468     0.48219771     0.00476875
   469     0.48131988     0.00477173
   470     0.48044311     0.00477469
   471     0.47956737     0.00477764
   472     0.47869267     0.00478057
   473     0.47781900     0.00478346
   474     0.47694635     0.00478633
   475     0.47607470     0.00478915
   476     0.47520406     0.00479194
   477     0.47433442     0.00479467
   478     0.47346576     0.00479736
   479     0.47259810     0.00479999
   480     0.47173140     0.00480257
   481     0.47086567     0.00480508
   482     0.47000092     0.00480752
   483     0.46913712     0.00480989
   484     0.46827426     0.00481219
   485     0.46741236     0.00481441
   486     0.46655142     0.00481654
   487     0.46569142     0.00481860
   488     0.46483234     0.00482056
   489     0.46397421     0.00482243
   490     0.46311701     0.00482421
   491     0.46226074     0.00482589
   492     0.46140539     0.00482748
   493     0.46055097     0.00482896
   494     0.45969746     0.00483034
   495     0.45884488     0.00483161
   496     0.45799322     0.00483278
   497     0.45714248     0.00483385
   498     0.45629264     0.00483480
   499     0.45544373     0.00483565
   500     0.45459574     0.00483638
   501     0.45374866     0.00483701
   502     0.45290250     0.00483753
   503     0.45205725     0.00483794
   504     0.45121292     0.00483824
   505     0.45036951     0.00483843
   506     0.44952702     0.00483851
   507     0.44868545     0.00483850
   508     0.44784480     0.00483837
   509     0.44700507     0.00483815
   510     0.44616628     0.00483783
   511     0.44532843     0.00483741
   512     0.44449150     0.00483689
   513     0.44365552     0.00483628
   514     0.44282049     0.00483559
   515     0.44198639     0.00483481
   516     0.44115325     0.00483395
   517     0.44032105     0.00483300
   518     0.43948984     0.00483199
   519     0.43865959     0.00483090
   520     0.43783031     0.00482975
   521     0.43700200     0.00482853
   522     0.43617470     0.00482726
   523     0.43534838     0.00482593
   524     0.43452308     0.00482455
   525     0.43369878     0.00482313
   526     0.43287550     0.00482167
   527     0.43205325     0.00482018
   528     0.43123204     0.00481865
   529     0.43041187     0.00481710
   530     0.42959275     0.00481553
   531     0.42877470     0.00481395
   532     0.42795774     0.00481235
   533     0.42714185     0.00481075
   534     0.42632706     0.00480915
   535     0.42551339     0.00480755
   536     0.42470084     0.00480596
   537     0.42388941     0.00480438
   538     0.42307913     0.00480283
   539     0.42227000     0.00480129
   540     0.42146204     0.00479978
   541     0.42065529     0.00479830
   542     0.41984970     0.00479685
   543     0.41904534     0.00479544
   544     0.41824219     0.00479407
   545     0.41744028     0.00479275
   546     0.41663962     0.00479147
   547     0.41584022     0.00479024
   548     0.41504209     0.00478907
   549     0.41424526     0.00478795
   550     0.41344974     0.00478689
   551     0.41265553     0.00478589
   552     0.41186267     0.00478495
   553     0.41107114     0.00478407
   554     0.41028098     0.00478326
   555     0.40949220     0.00478251
   556     0.40870479     0.00478182
   557     0.40791880     0.00478121
   558     0.40713423     0.00478065
   559     0.40635110     0.00478017
   560     0.40556941     0.00477975
   561     0.40478918     0.00477939
   562     0.40401043     0.00477910
   563     0.40323316     0.00477887
   564     0.40245740     0.00477870
   565     0.40168314     0.00477859
   566     0.40091042     0.00477854
   567     0.40013925     0.00477854
   568     0.39936961     0.00477860
   569     0.39860154     0.00477871
   570     0.39783505     0.00477887
   571     0.39707015     0.00477908
   572     0.39630685     0.00477932
   573     0.39554516     0.00477961
   574     0.39478507     0.00477994
   575     0.39402664     0.00478030
   576     0.39326983     0.00478069
   577     0.39251468     0.00478110
   578     0.39176118     0.00478154
   579     0.39100934     0.00478200
   580     0.39025919     0.00478248
   581     0.38951072     0.00478297
   582     0.38876393     0.00478346
   583     0.38801885     0.00478397
   584     0.38727547     0.00478447
   585     0.38653378     0.00478498
   586     0.38579383     0.00478548
   587     0.38505559     0.00478597
   588     0.38431907     0.00478645
   589     0.38358429     0.00478692
   590     0.38285124     0.00478736
   591     0.38211992     0.00478779
   592     0.38139035     0.00478820
   593     0.38066252     0.00478858
   594     0.37993642     0.00478894
   595     0.37921209     0.00478926
   596     0.37848949     0.00478955
   597     0.37776865     0.00478981
   598     0.37704955     0.00479004
   599     0.37633220     0.00479023
   600     0.37561661     0.00479038
   601     0.37490278     0.00479050
   602     0.37419068     0.00479058
   603     0.37348033     0.00479062
   604     0.37277174     0.00479062
   605     0.37206488     0.00479059
   606     0.37135978     0.00479052
   607     0.37065642     0.00479041
   608     0.36995480     0.00479026
   609     0.36925491     0.00479009
   610     0.36855677     0.00478988
   611     0.36786036     0.00478963
   612     0.36716567     0.00478936
   613     0.36647272     0.00478907
   614     0.36578148     0.00478874
   615     0.36509197     0.00478840
   616     0.36440419     0.00478804
   617     0.36371811     0.00478766
   618     0.36303375     0.00478726
   619     0.36235108     0.00478686
   620     0.36167013     0.00478645
   621     0.36099087     0.00478604
   622     0.36031332     0.00478562
   623     0.35963746     0.00478521
   624     0.35896328     0.00478481
   625     0.35829079     0.00478442
   626     0.35761999     0.00478404
   627     0.35695086     0.00478368
   628     0.35628342     0.00478335
   629     0.35561765     0.00478304
   630     0.35495355     0.00478276
   631     0.35429112     0.00478252
   632     0.35363035     0.00478231
   633     0.35297125     0.00478214
   634     0.35231380     0.00478202
   635     0.35165802     0.00478195
   636     0.35100389     0.00478193
   637     0.35035141     0.00478196
   638     0.34970057     0.00478205
   639     0.34905140     0.00478220
   640     0.34840388     0.00478242
   641     0.34775800     0.00478270
   642     0.34711376     0.00478305
   643     0.34647117     0.00478347
   644     0.34583023     0.00478396
   645     0.34519092     0.00478453
   646     0.34455326     0.00478518
   647     0.34391725     0.00478590
   648     0.34328287     0.00478670
   649     0.34265014     0.00478758
   650     0.34201905     0.00478854
   651     0.34138959     0.00478958
   652     0.34076178     0.00479070
   653     0.34013560     0.00479191
   654     0.33951107     0.00479319
   655     0.33888818     0.00479456
   656     0.33826694     0.00479600
   657     0.33764734     0.00479752
   658     0.33702938     0.00479913
   659     0.33641308     0.00480080
   660     0.33579841     0.00480256
   661     0.33518538     0.00480438
   662     0.33457400     0.00480628
   663     0.33396428     0.00480825
   664     0.33335619     0.00481028
   665     0.33274976     0.00481238
   666     0.33214498     0.00481453
   667     0.33154186     0.00481675
   668     0.33094037     0.00481902
   669     0.33034053     0.00482134
   670     0.32974235     0.00482372
   671     0.32914583     0.00482613
   672     0.32855096     0.00482859
   673     0.32795773     0.00483109
   674     0.32736616     0.00483362
   675     0.32677624     0.00483618
   676     0.32618796     0.00483876
   677     0.32560135     0.00484137
   678     0.32501639     0.00484399
   679     0.32443306     0.00484662
   680     0.32385139     0.00484927
   681     0.32327138     0.00485192
   682     0.32269301     0.00485457
   683     0.32211629     0.00485721
   684     0.32154121     0.00485985
   685     0.32096778     0.00486247
   686     0.32039598     0.00486508
   687     0.31982582     0.00486766
   688     0.31925732     0.00487022
   689     0.31869044     0.00487275
   690     0.31812519     0.00487524
   691     0.31756157     0.00487770
   692     0.31699959     0.00488011
   693     0.31643922     0.00488248
   694     0.31588048     0.00488480
   695     0.31532337     0.00488707
   696     0.31476787     0.00488928
   697     0.31421399     0.00489144
   698     0.31366170     0.00489353
   699     0.31311104     0.00489555
   700     0.31256197     0.00489751
   701     0.31201452     0.00489940
   702     0.31146865     0.00490122
   703     0.31092438     0.00490296
   704     0.31038169     0.00490463
   705     0.30984061     0.00490622
   706     0.30930110     0.00490773
   707     0.30876317     0.00490916
   708     0.30822683     0.00491051
   709     0.30769206     0.00491178
   710     0.30715884     0.00491297
   711     0.30662721     0.00491407
   712     0.30609714     0.00491509
   713     0.30556864     0.00491603
   714     0.30504171     0.00491689
   715     0.30451632     0.00491766
   716     0.30399248     0.00491836
   717     0.30347021     0.00491897
   718     0.30294948     0.00491951
   719     0.30243031     0.00491997
   720     0.30191269     0.00492036
   721     0.30139662     0.00492067
   722     0.30088208     0.00492092
   723     0.30036910     0.00492109
   724     0.29985767     0.00492120
   725     0.29934778     0.00492124
   726     0.29883945     0.00492122
   727     0.29833267     0.00492115
   728     0.29782743     0.00492102
   729     0.29732374     0.00492083
   730     0.29682161     0.00492060
   731     0.29632103     0.00492032
   732     0.29582202     0.00492000
   733     0.29532457     0.00491964
   734     0.29482869     0.00491924
   735     0.29433437     0.00491880
   736     0.29384163     0.00491834
   737     0.29335045     0.00491785
   738     0.29286087     0.00491734
   739     0.29237287     0.00491681
   740     0.29188648     0.00491626
   741     0.29140166     0.00491570
   742     0.29091848     0.00491512
   743     0.29043690     0.00491454
   744     0.28995694     0.00491396
   745     0.28947861     0.00491337
   746     0.28900191     0.00491279
   747     0.28852685     0.00491221
   748     0.28805347     0.00491163
   749     0.28758173     0.00491107
   750     0.28711166     0.00491051
   751     0.28664327     0.00490997
   752     0.28617658     0.00490944
   753     0.28571159     0.00490893
   754     0.28524829     0.00490844
   755     0.28478672     0.00490797
   756     0.28432688     0.00490753
   757     0.28386879     0.00490710
   758     0.28341242     0.00490670
   759     0.28295785     0.00490633
   760     0.28250502     0.00490598
   761     0.28205398     0.00490566
   762     0.28160473     0.00490537
   763     0.28115728     0.00490510
   764     0.28071166     0.00490486
   765     0.28026784     0.00490465
   766     0.27982586     0.00490447
   767     0.27938573     0.00490432
   768     0.27894744     0.00490419
   769     0.27851103     0.00490410
   770     0.27807649     0.00490403
   771     0.27764382     0.00490398
   772     0.27721305     0.00490396
   773     0.27678419     0.00490397
   774     0.27635722     0.00490400
   775     0.27593217     0.00490405
   776     0.27550906     0.00490413
   777     0.27508786     0.00490422
   778     0.27466860     0.00490434
   779     0.27425129     0.00490447
   780     0.27383592     0.00490462
   781     0.27342252     0.00490479
   782     0.27301107     0.00490497
   783     0.27260159     0.00490516
   784     0.27219408     0.00490537
   785     0.27178854     0.00490558
   786     0.27138496     0.00490581
   787     0.27098336     0.00490604
   788     0.27058375     0.00490628
   789     0.27018610     0.00490652
   790     0.26979043     0.00490677
   791     0.26939674     0.00490702
   792     0.26900503     0.00490726
   793     0.26861527     0.00490751
   794     0.26822749     0.00490775
   795     0.26784169     0.00490799
   796     0.26745783     0.00490823
   797     0.26707594     0.00490846
   798     0.26669599     0.00490868
   799     0.26631800     0.00490889
   800     0.26594193     0.00490909
   801     0.26556780     0.00490929
   802     0.26519558     0.00490947
   803     0.26482527     0.00490963
   804     0.26445685     0.00490979
   805     0.26409034     0.00490993
   806     0.26372570     0.00491006
   807     0.26336292     0.00491017
   808     0.26300200     0.00491026
   809     0.26264291     0.00491034
   810     0.26228565     0.00491041
   811     0.26193020     0.00491045
   812     0.26157654     0.00491048
   813     0.26122467     0.00491050
   814     0.26087454     0.00491050
   815     0.26052618     0.00491048
   816     0.26017953     0.00491045
   817     0.25983459     0.00491040
   818     0.25949133     0.00491033
   819     0.25914976     0.00491026
   820     0.25880982     0.00491017
   821     0.25847153     0.00491006
   822     0.25813484     0.00490995
   823     0.25779974     0.00490983
   824     0.25746621     0.00490969
   825     0.25713422     0.00490955
   826     0.25680376     0.00490940
   827     0.25647479     0.00490925
   828     0.25614732     0.00490909
   829     0.25582129     0.00490893
   830     0.25549670     0.00490878
   831     0.25517351     0.00490862
   832     0.25485173     0.00490846
   833     0.25453129     0.00490831
   834     0.25421221     0.00490817
   835     0.25389443     0.00490804
   836     0.25357796     0.00490791
   837     0.25326274     0.00490780
   838     0.25294878     0.00490770
   839     0.25263603     0.00490762
   840     0.25232449     0.00490756
   841     0.25201413     0.00490751
   842     0.25170492     0.00490749
   843     0.25139683     0.00490749
   844     0.25108984     0.00490752
   845     0.25078396     0.00490757
   846     0.25047911     0.00490765
   847     0.25017532     0.00490776
   848     0.24987253     0.00490790
   849     0.24957074     0.00490808
   850     0.24926992     0.00490829
   851     0.24897006     0.00490853
   852     0.24867111     0.00490881
   853     0.24837308     0.00490912
   854     0.24807592     0.00490947
   855     0.24777965     0.00490986
   856     0.24748420     0.00491029
   857     0.24718958     0.00491075
   858     0.24689578     0.00491125
   859     0.24660275     0.00491179
   860     0.24631049     0.00491237
   861     0.24601899     0.00491298
   862     0.24572821     0.00491363
   863     0.24543815     0.00491431
   864     0.24514878     0.00491503
   865     0.24486009     0.00491578
   866     0.24457207     0.00491657
   867     0.24428468     0.00491738
   868     0.24399793     0.00491822
   869     0.24371178     0.00491909
   870     0.24342624     0.00491999
   871     0.24314128     0.00492091
   872     0.24285688     0.00492185
   873     0.24257305     0.00492281
   874     0.24228975     0.00492379
   875     0.24200699     0.00492478
   876     0.24172473     0.00492579
   877     0.24144297     0.00492680
   878     0.24116171     0.00492782
   879     0.24088092     0.00492885
   880     0.24060059     0.00492988
   881     0.24032071     0.00493092
   882     0.24004128     0.00493195
   883     0.23976228     0.00493297
   884     0.23948369     0.00493399
   885     0.23920552     0.00493500
   886     0.23892775     0.00493599
   887     0.23865035     0.00493698
   888     0.23837334     0.00493794
   889     0.23809671     0.00493889
   890     0.23782043     0.00493982
   891     0.23754451     0.00494073
   892     0.23726893     0.00494161
   893     0.23699367     0.00494247
   894     0.23671875     0.00494330
   895     0.23644415     0.00494410
   896     0.23616986     0.00494487
   897     0.23589588     0.00494562
   898     0.23562218     0.00494633
   899     0.23534878     0.00494700
   900     0.23507566     0.00494765
   901     0.23480282     0.00494826
   902     0.23453024     0.00494884
   903     0.23425792     0.00494939
   904     0.23398586     0.00494990
   905     0.23371406     0.00495038
   906     0.23344249     0.00495083
   907     0.23317116     0.00495124
   908     0.23290006     0.00495162
   909     0.23262919     0.00495197
   910     0.23235856     0.00495229
   911     0.23208812     0.00495258
   912     0.23181790     0.00495284
   913     0.23154789     0.00495307
   914     0.23127808     0.00495328
   915     0.23100846     0.00495347
   916     0.23073906     0.00495363
   917     0.23046983     0.00495377
   918     0.23020078     0.00495389
   919     0.22993193     0.00495400
   920     0.22966324     0.00495408
   921     0.22939474     0.00495416
   922     0.22912642     0.00495422
   923     0.22885826     0.00495428
   924     0.22859025     0.00495433
   925     0.22832243     0.00495437
   926     0.22805476     0.00495441
   927     0.22778724     0.00495444
   928     0.22751989     0.00495448
   929     0.22725268     0.00495452
   930     0.22698564     0.00495457
   931     0.22671875     0.00495463
   932     0.22645201     0.00495469
   933     0.22618541     0.00495477
   934     0.22591896     0.00495486
   935     0.22565267     0.00495497
   936     0.22538651     0.00495509
   937     0.22512051     0.00495524
   938     0.22485464     0.00495541
   939     0.22458893     0.00495560
   940     0.22432336     0.00495582
   941     0.22405795     0.00495607
   942     0.22379266     0.00495635
   943     0.22352754     0.00495666
   944     0.22326257     0.00495700
   945     0.22299772     0.00495738
   946     0.22273306     0.00495780
   947     0.22246852     0.00495825
   948     0.22220414     0.00495875
   949     0.22193991     0.00495928
   950     0.22167585     0.00495986
   951     0.22141194     0.00496049
   952     0.22114819     0.00496116
   953     0.22088459     0.00496187
   954     0.22062117     0.00496264
   955     0.22035790     0.00496345
   956     0.22009480     0.00496431
   957     0.21983187     0.00496522
   958     0.21956912     0.00496619
   959     0.21930653     0.00496720
   960     0.21904412     0.00496827
   961     0.21878188     0.00496939
   962     0.21851983     0.00497056
   963     0.21825795     0.00497179
   964     0.21799625     0.00497307
   965     0.21773475     0.00497440
   966     0.21747343     0.00497578
   967     0.21721228     0.00497722
   968     0.21695135     0.00497870
   969     0.21669058     0.00498024
   970     0.21643003     0.00498183
   971     0.21616966     0.00498347
   972     0.21590948     0.00498516
   973     0.21564949     0.00498689
   974     0.21538971     0.00498868
   975     0.21513012     0.00499050
   976     0.21487072     0.00499237
   977     0.21461152     0.00499428
   978     0.21435251     0.00499623
   979     0.21409371     0.00499822
   980     0.21383508     0.00500024
   981     0.21357666     0.00500230
   982     0.21331843     0.00500439
   983     0.21306037     0.00500650
   984     0.21280250     0.00500864
   985     0.21254483     0.00501081
   986     0.21228733     0.00501300
   987     0.21203000     0.00501520
   988     0.21177285     0.00501742
   989     0.21151588     0.00501965
   990     0.21125905     0.00502189
   991     0.21100240     0.00502413
   992     0.21074589     0.00502637
   993     0.21048953     0.00502862
   994     0.21023332     0.00503086
   995     0.20997723     0.00503309
   996     0.20972128     0.00503531
   997     0.20946545     0.00503752
   998     0.20920973     0.00503970
   999     0.20895413     0.00504187
  1000     0.20869861     0.00504401
  1001     0.20844318     0.00504613
  1002     0.20818783     0.00504821
  1003     0.20793256     0.00505026
  1004     0.20767734     0.00505227
  1005     0.20742216     0.00505424
  1006     0.20716703     0.00505616
  1007     0.20691191     0.00505804
  1008     0.20665683     0.00505987
  1009     0.20640174     0.00506165
  1010     0.20614664     0.00506337
  1011     0.20589152     0.00506504
  1012     0.20563636     0.00506665
  1013     0.20538115     0.00506819
  1014     0.20512591     0.00506967
  1015     0.20487057     0.00507108
  1016     0.20461516     0.00507243
  1017     0.20435963     0.00507371
  1018     0.20410401     0.00507491
  1019     0.20384826     0.00507605
  1020     0.20359235     0.00507711
  1021     0.20333630     0.00507809
  1022     0.20308009     0.00507900
  1023     0.20282368     0.00507984
  1024     0.20256708     0.00508059
  1025     0.20231028     0.00508127
  1026     0.20205323     0.00508187
  1027     0.20179595     0.00508240
  1028     0.20153842     0.00508284
  1029     0.20128062     0.00508321
  1030     0.20102254     0.00508350
  1031     0.20076416     0.00508371
  1032     0.20050547     0.00508385
  1033     0.20024647     0.00508391
  1034     0.19998712     0.00508389
  1035     0.19972744     0.00508381
  1036     0.19946738     0.00508364
  1037     0.19920696     0.00508341
  1038     0.19894615     0.00508311
  1039     0.19868495     0.00508273
  1040     0.19842334     0.00508229
  1041     0.19816130     0.00508179
  1042     0.19789883     0.00508122
  1043     0.19763593     0.00508058
  1044     0.19737258     0.00507989
  1045     0.19710876     0.00507914
  1046     0.19684449     0.00507833
  1047     0.19657972     0.00507747
  1048     0.19631448     0.00507655
  1049     0.19604874     0.00507559
  1050     0.19578249     0.00507458
  1051     0.19551575     0.00507352
  1052     0.19524849     0.00507243
  1053     0.19498072     0.00507129
  1054     0.19471241     0.00507012
  1055     0.19444359     0.00506891
  1056     0.19417423     0.00506767
  1057     0.19390433     0.00506640
  1058     0.19363389     0.00506510
  1059     0.19336291     0.00506378
  1060     0.19309138     0.00506244
  1061     0.19281931     0.00506109
  1062     0.19254669     0.00505972
  1063     0.19227352     0.00505833
  1064     0.19199980     0.00505694
  1065     0.19172554     0.00505554
  1066     0.19145072     0.00505414
  1067     0.19117536     0.00505274
  1068     0.19089946     0.00505134
  1069     0.19062301     0.00504994
  1070     0.19034603     0.00504856
  1071     0.19006851     0.00504718
  1072     0.18979045     0.00504582
  1073     0.18951188     0.00504448
  1074     0.18923277     0.00504315
  1075     0.18895314     0.00504185
  1076     0.18867300     0.00504057
  1077     0.18839234     0.00503932
  1078     0.18811119     0.00503810
  1079     0.18782953     0.00503691
  1080     0.18754738     0.00503575
  1081     0.18726475     0.00503463
  1082     0.18698164     0.00503355
  1083     0.18669805     0.00503251
  1084     0.18641400     0.00503152
  1085     0.18612948     0.00503057
  1086     0.18584451     0.00502966
  1087     0.18555912     0.00502880
  1088     0.18527327     0.00502799
  1089     0.18498700     0.00502724
  1090     0.18470030     0.00502653
  1091     0.18441320     0.00502588
  1092     0.18412568     0.00502528
  1093     0.18383778     0.00502474
  1094     0.18354949     0.00502425
  1095     0.18326080     0.00502382
  1096     0.18297175     0.00502344
  1097     0.18268233     0.00502313
  1098     0.18239255     0.00502287
  1099     0.18210243     0.00502267
  1100     0.18181197     0.00502253
  1101     0.18152116     0.00502244
  1102     0.18123003     0.00502241
  1103     0.18093858     0.00502244
  1104     0.18064681     0.00502252
  1105     0.18035475     0.00502266
  1106     0.18006238     0.00502285
  1107     0.17976972     0.00502310
  1108     0.17947676     0.00502340
  1109     0.17918354     0.00502375
  1110     0.17889003     0.00502416
  1111     0.17859627     0.00502461
  1112     0.17830223     0.00502511
  1113     0.17800794     0.00502566
  1114     0.17771341     0.00502625
  1115     0.17741861     0.00502688
  1116     0.17712359     0.00502756
  1117     0.17682833     0.00502828
  1118     0.17653284     0.00502903
  1119     0.17623712     0.00502983
  1120     0.17594118     0.00503066
  1121     0.17564502     0.00503152
  1122     0.17534864     0.00503242
  1123     0.17505206     0.00503335
  1124     0.17475527     0.00503430
  1125     0.17445826     0.00503529
  1126     0.17416107     0.00503630
  1127     0.17386368     0.00503734
  1128     0.17356610     0.00503840
  1129     0.17326832     0.00503948
  1130     0.17297035     0.00504058
  1131     0.17267220     0.00504171
  1132     0.17237388     0.00504285
  1133     0.17207536     0.00504401
  1134     0.17177667     0.00504519
  1135     0.17147781     0.00504638
  1136     0.17117877     0.00504759
  1137     0.17087957     0.00504882
  1138     0.17058019     0.00505005
  1139     0.17028065     0.00505131
  1140     0.16998095     0.00505258
  1141     0.16968109     0.00505386
  1142     0.16938107     0.00505515
  1143     0.16908091     0.00505646
  1144     0.16878058     0.00505778
  1145     0.16848011     0.00505912
  1146     0.16817949     0.00506047
  1147     0.16787873     0.00506184
  1148     0.16757784     0.00506323
  1149     0.16727679     0.00506463
  1150     0.16697563     0.00506605
  1151     0.16667432     0.00506748
  1152     0.16637290     0.00506894
  1153     0.16607136     0.00507042
  1154     0.16576968     0.00507192
  1155     0.16546791     0.00507344
  1156     0.16516602     0.00507499
  1157     0.16486402     0.00507657
  1158     0.16456192     0.00507817
  1159     0.16425974     0.00507980
  1160     0.16395745     0.00508146
  1161     0.16365508     0.00508316
  1162     0.16335263     0.00508488
  1163     0.16305011     0.00508665
  1164     0.16274751     0.00508845
  1165     0.16244486     0.00509029
  1166     0.16214215     0.00509217
  1167     0.16183938     0.00509409
  1168     0.16153658     0.00509606
  1169     0.16123374     0.00509807
  1170     0.16093085     0.00510013
  1171     0.16062795     0.00510224
  1172     0.16032503     0.00510439
  1173     0.16002210     0.00510660
  1174     0.15971917     0.00510886
  1175     0.15941624     0.00511118
  1176     0.15911332     0.00511354
  1177     0.15881043     0.00511597
  1178     0.15850756     0.00511845
  1179     0.15820473     0.00512099
  1180     0.15790193     0.00512359
  1181     0.15759919     0.00512625
  1182     0.15729651     0.00512897
  1183     0.15699390     0.00513175
  1184     0.15669135     0.00513458
  1185     0.15638889     0.00513748
  1186     0.15608651     0.00514044
  1187     0.15578424     0.00514347
  1188     0.15548207     0.00514655
  1189     0.15518002     0.00514969
  1190     0.15487808     0.00515290
  1191     0.15457626     0.00515616
  1192     0.15427459     0.00515948
  1193     0.15397306     0.00516286
  1194     0.15367166     0.00516630
  1195     0.15337043     0.00516979
  1196     0.15306937     0.00517333
  1197     0.15276846     0.00517694
  1198     0.15246774     0.00518059
  1199     0.15216719     0.00518429
  1200     0.15186683     0.00518804
  1201     0.15156665     0.00519184
  1202     0.15126669     0.00519568
  1203     0.15096692     0.00519956
  1204     0.15066735     0.00520349
  1205     0.15036800     0.00520745
  1206     0.15006886     0.00521145
  1207     0.14976994     0.00521548
  1208     0.14947125     0.00521954
  1209     0.14917276     0.00522363
  1210     0.14887453     0.00522775
  1211     0.14857651     0.00523188
  1212     0.14827874     0.00523604
  1213     0.14798120     0.00524022
  1214     0.14768388     0.00524441
  1215     0.14738682     0.00524861
  1216     0.14708998     0.00525281
  1217     0.14679340     0.00525703
  1218     0.14649705     0.00526124
  1219     0.14620094     0.00526546
  1220     0.14590507     0.00526967
  1221     0.14560944     0.00527388
  1222     0.14531404     0.00527807
  1223     0.14501888     0.00528226
  1224     0.14472396     0.00528643
  1225     0.14442927     0.00529058
  1226     0.14413481     0.00529471
  1227     0.14384057     0.00529882
  1228     0.14354657     0.00530290
  1229     0.14325278     0.00530695
  1230     0.14295922     0.00531098
  1231     0.14266587     0.00531497
  1232     0.14237273     0.00531892
  1233     0.14207980     0.00532284
  1234     0.14178707     0.00532672
  1235     0.14149455     0.00533056
  1236     0.14120221     0.00533435
  1237     0.14091007     0.00533810
  1238     0.14061811     0.00534181
  1239     0.14032634     0.00534547
  1240     0.14003474     0.00534908
  1241     0.13974330     0.00535264
  1242     0.13945204     0.00535616
  1243     0.13916093     0.00535962
  1244     0.13886998     0.00536303
  1245     0.13857917     0.00536639
  1246     0.13828851     0.00536970
  1247     0.13799799     0.00537296
  1248     0.13770759     0.00537617
  1249     0.13741733     0.00537933
  1250     0.13712718     0.00538243
  1251     0.13683715     0.00538549
  1252     0.13654722     0.00538850
  1253     0.13625741     0.00539147
  1254     0.13596769     0.00539438
  1255     0.13567806     0.00539725
  1256     0.13538852     0.00540008
  1257     0.13509906     0.00540287
  1258     0.13480968     0.00540561
  1259     0.13452037     0.00540832
  1260     0.13423113     0.00541099
  1261     0.13394195     0.00541362
  1262     0.13365283     0.00541623
  1263     0.13336376     0.00541880
  1264     0.13307474     0.00542134
  1265     0.13278576     0.00542386
  1266     0.13249682     0.00542635
  1267     0.13220792     0.00542882
  1268     0.13191905     0.00543127
  1269     0.13163020     0.00543371
  1270     0.13134138     0.00543613
  1271     0.13105258     0.00543854
  1272     0.13076379     0.00544093
  1273     0.13047502     0.00544332
  1274     0.13018625     0.00544571
  1275     0.12989749     0.00544809
  1276     0.12960874     0.00545047
  1277     0.12931998     0.00545285
  1278     0.12903122     0.00545523
  1279     0.12874246     0.00545762
  1280     0.12845368     0.00546001
  1281     0.12816489     0.00546241
  1282     0.12787609     0.00546483
  1283     0.12758727     0.00546725
  1284     0.12729843     0.00546968
  1285     0.12700957     0.00547213
  1286     0.12672068     0.00547459
  1287     0.12643177     0.00547707
  1288     0.12614282     0.00547957
  1289     0.12585384     0.00548208
  1290     0.12556483     0.00548461
  1291     0.12527578     0.00548716
  1292     0.12498669     0.00548972
  1293     0.12469755     0.00549230
  1294     0.12440837     0.00549490
  1295     0.12411914     0.00549752
  1296     0.12382986     0.00550016
  1297     0.12354053     0.00550281
  1298     0.12325114     0.00550549
  1299     0.12296168     0.00550817
  1300     0.12267217     0.00551088
  1301     0.12238259     0.00551360
  1302     0.12209293     0.00551633
  1303     0.12180320     0.00551908
  1304     0.12151340     0.00552184
  1305     0.12122352     0.00552461
  1306     0.12093355     0.00552739
  1307     0.12064349     0.00553018
  1308     0.12035334     0.00553299
  1309     0.12006309     0.00553580
  1310     0.11977274     0.00553861
  1311     0.11948229     0.00554144
  1312     0.11919173     0.00554426
  1313     0.11890105     0.00554710
  1314     0.11861026     0.00554994
  1315     0.11831934     0.00555278
  1316     0.11802829     0.00555562
  1317     0.11773711     0.00555847
  1318     0.11744579     0.00556131
  1319     0.11715433     0.00556416
  1320     0.11686272     0.00556702
  1321     0.11657095     0.00556987
  1322     0.11627903     0.00557272
  1323     0.11598695     0.00557558
  1324     0.11569469     0.00557844
  1325     0.11540226     0.00558130
  1326     0.11510965     0.00558417
  1327     0.11481686     0.00558704
  1328     0.11452388     0.00558991
  1329     0.11423070     0.00559280
  1330     0.11393733     0.00559569
  1331     0.11364376     0.00559859
  1332     0.11334997     0.00560150
  1333     0.11305598     0.00560443
  1334     0.11276177     0.00560737
  1335     0.11246734     0.00561033
  1336     0.11217268     0.00561331
  1337     0.11187780     0.00561631
  1338     0.11158269     0.00561934
  1339     0.11128735     0.00562239
  1340     0.11099178     0.00562548
  1341     0.11069596     0.00562860
  1342     0.11039991     0.00563175
  1343     0.11010362     0.00563495
  1344     0.10980709     0.00563819
  1345     0.10951032     0.00564147
  1346     0.10921330     0.00564481
  1347     0.10891605     0.00564820
  1348     0.10861855     0.00565165
  1349     0.10832082     0.00565515
  1350     0.10802285     0.00565873
  1351     0.10772465     0.00566237
  1352     0.10742621     0.00566608
  1353     0.10712755     0.00566987
  1354     0.10682867     0.00567374
  1355     0.10652957     0.00567770
  1356     0.10623026     0.00568174
  1357     0.10593074     0.00568586
  1358     0.10563102     0.00569009
  1359     0.10533111     0.00569441
  1360     0.10503101     0.00569882
  1361     0.10473074     0.00570335
  1362     0.10443030     0.00570797
  1363     0.10412971     0.00571271
  1364     0.10382898     0.00571755
  1365     0.10352811     0.00572251
  1366     0.10322711     0.00572759
  1367     0.10292601     0.00573278
  1368     0.10262481     0.00573809
  1369     0.10232354     0.00574352
  1370     0.10202219     0.00574907
  1371     0.10172080     0.00575475
  1372     0.10141936     0.00576055
  1373     0.10111791     0.00576647
  1374     0.10081646     0.00577251
  1375     0.10051502     0.00577868
  1376     0.10021362     0.00578497
  1377     0.09991227     0.00579139
  1378     0.09961099     0.00579792
  1379     0.09930981     0.00580458
  1380     0.09900874     0.00581136
  1381     0.09870780     0.00581825
  1382     0.09840701     0.00582526
  1383     0.09810640     0.00583238
  1384     0.09780599     0.00583961
  1385     0.09750580     0.00584695
  1386     0.09720585     0.00585439
  1387     0.09690617     0.00586193
  1388     0.09660678     0.00586958
  1389     0.09630770     0.00587731
  1390     0.09600895     0.00588514
  1391     0.09571057     0.00589305
  1392     0.09541256     0.00590105
  1393     0.09511497     0.00590912
  1394     0.09481780     0.00591727
  1395     0.09452109     0.00592548
  1396     0.09422486     0.00593377
  1397     0.09392913     0.00594211
  1398     0.09363393     0.00595051
  1399     0.09333927     0.00595896
  1400     0.09304519     0.00596745
  1401     0.09275170     0.00597600
  1402     0.09245882     0.00598458
  1403     0.09216659     0.00599319
  1404     0.09187503     0.00600183
  1405     0.09158414     0.00601050
  1406     0.09129396     0.00601920
  1407     0.09100450     0.00602791
  1408     0.09071579     0.00603664
  1409     0.09042785     0.00604538
  1410     0.09014069     0.00605413
  1411     0.08985433     0.00606288
  1412     0.08956880     0.00607164
  1413     0.08928410     0.00608040
  1414     0.08900026     0.00608916
  1415     0.08871728     0.00609792
  1416     0.08843520     0.00610667
  1417     0.08815401     0.00611542
  1418     0.08787374     0.00612416
  1419     0.08759439     0.00613290
  1420     0.08731598     0.00614162
  1421     0.08703852     0.00615034
  1422     0.08676203     0.00615905
  1423     0.08648650     0.00616774
  1424     0.08621195     0.00617644
  1425     0.08593838     0.00618512
  1426     0.08566581     0.00619379
  1427     0.08539423     0.00620246
  1428     0.08512366     0.00621112
  1429     0.08485410     0.00621978
  1430     0.08458555     0.00622843
  1431     0.08431801     0.00623709
  1432     0.08405148     0.00624574
  1433     0.08378597     0.00625439
  1434     0.08352147     0.00626304
  1435     0.08325799     0.00627170
  1436     0.08299552     0.00628036
  1437     0.08273406     0.00628903
  1438     0.08247360     0.00629771
  1439     0.08221414     0.00630640
  1440     0.08195567     0.00631510
  1441     0.08169819     0.00632381
  1442     0.08144170     0.00633254
  1443     0.08118617     0.00634128
  1444     0.08093161     0.00635003
  1445     0.08067801     0.00635881
  1446     0.08042535     0.00636760
  1447     0.08017363     0.00637641
  1448     0.07992283     0.00638525
  1449     0.07967295     0.00639410
  1450     0.07942396     0.00640297
  1451     0.07917587     0.00641187
  1452     0.07892864     0.00642079
  1453     0.07868229     0.00642973
  1454     0.07843677     0.00643869
  1455     0.07819209     0.00644768
  1456     0.07794823     0.00645669
  1457     0.07770516     0.00646573
  1458     0.07746289     0.00647479
  1459     0.07722139     0.00648388
  1460     0.07698064     0.00649299
  1461     0.07674063     0.00650212
  1462     0.07650135     0.00651128
  1463     0.07626277     0.00652047
  1464     0.07602489     0.00652969
  1465     0.07578767     0.00653894
  1466     0.07555112     0.00654822
  1467     0.07531521     0.00655752
  1468     0.07507992     0.00656687
  1469     0.07484524     0.00657624
  1470     0.07461116     0.00658566
  1471     0.07437765     0.00659511
  1472     0.07414471     0.00660460
  1473     0.07391231     0.00661414
  1474     0.07368044     0.00662372
  1475     0.07344908     0.00663336
  1476     0.07321823     0.00664305
  1477     0.07298786     0.00665280
  1478     0.07275797     0.00666261
  1479     0.07252853     0.00667249
  1480     0.07229954     0.00668244
  1481     0.07207098     0.00669246
  1482     0.07184283     0.00670257
  1483     0.07161510     0.00671276
  1484     0.07138776     0.00672304
  1485     0.07116080     0.00673342
  1486     0.07093422     0.00674391
  1487     0.07070800     0.00675450
  1488     0.07048213     0.00676520
  1489     0.07025661     0.00677603
  1490     0.07003142     0.00678698
  1491     0.06980655     0.00679806
  1492     0.06958201     0.00680927
  1493     0.06935777     0.00682063
  1494     0.06913383     0.00683213
  1495     0.06891019     0.00684379
  1496     0.06868684     0.00685560
  1497     0.06846378     0.00686757
  1498     0.06824099     0.00687970
  1499     0.06801848     0.00689201
  1500     0.06779623     0.00690448
  1501     0.06757426     0.00691713
  1502     0.06735254     0.00692996
  1503     0.06713108     0.00694296
  1504     0.06690988     0.00695614
  1505     0.06668893     0.00696950
  1506     0.06646823     0.00698304
  1507     0.06624779     0.00699676
  1508     0.06602759     0.00701066
  1509     0.06580763     0.00702474
  1510     0.06558793     0.00703899
  1511     0.06536847     0.00705341
  1512     0.06514925     0.00706800
  1513     0.06493028     0.00708276
  1514     0.06471155     0.00709767
  1515     0.06449307     0.00711274
  1516     0.06427484     0.00712796
  1517     0.06405685     0.00714332
  1518     0.06383911     0.00715882
  1519     0.06362161     0.00717445
  1520     0.06340437     0.00719019
  1521     0.06318737     0.00720606
  1522     0.06297062     0.00722202
  1523     0.06275412     0.00723809
  1524     0.06253788     0.00725424
  1525     0.06232189     0.00727047
  1526     0.06210615     0.00728677
  1527     0.06189067     0.00730314
  1528     0.06167544     0.00731955
  1529     0.06146047     0.00733601
  1530     0.06124575     0.00735251
  1531     0.06103129     0.00736903
  1532     0.06081710     0.00738556
  1533     0.06060315     0.00740211
  1534     0.06038947     0.00741865
  1535     0.06017605     0.00743519
  1536     0.05996288     0.00745171
  1537     0.05974997     0.00746821
  1538     0.05953732     0.00748467
  1539     0.05932492     0.00750111
  1540     0.05911279     0.00751750
  1541     0.05890090     0.00753384
  1542     0.05868927     0.00755013
  1543     0.05847789     0.00756637
  1544     0.05826677     0.00758255
  1545     0.05805589     0.00759867
  1546     0.05784526     0.00761472
  1547     0.05763488     0.00763071
  1548     0.05742474     0.00764663
  1549     0.05721484     0.00766249
  1550     0.05700518     0.00767828
  1551     0.05679576     0.00769401
  1552     0.05658657     0.00770967
  1553     0.05637761     0.00772528
  1554     0.05616888     0.00774083
  1555     0.05596038     0.00775632
  1556     0.05575210     0.00777177
  1557     0.05554403     0.00778718
  1558     0.05533619     0.00780255
  1559     0.05512855     0.00781789
  1560     0.05492113     0.00783320
  1561     0.05471391     0.00784849
  1562     0.05450690     0.00786378
  1563     0.05430008     0.00787906
  1564     0.05409347     0.00789435
  1565     0.05388705     0.00790966
  1566     0.05368082     0.00792498
  1567     0.05347478     0.00794034
  1568     0.05326892     0.00795575
  1569     0.05306325     0.00797120
  1570     0.05285776     0.00798671
  1571     0.05265245     0.00800230
  1572     0.05244732     0.00801796
  1573     0.05224237     0.00803371
  1574     0.05203759     0.00804957
  1575     0.05183298     0.00806553
  1576     0.05162854     0.00808161
  1577     0.05142428     0.00809782
  1578     0.05122019     0.00811416
  1579     0.05101626     0.00813065
  1580     0.05081251     0.00814730
  1581     0.05060894     0.00816411
  1582     0.05040553     0.00818109
  1583     0.05020230     0.00819825
  1584     0.04999925     0.00821559
  1585     0.04979637     0.00823313
  1586     0.04959367     0.00825088
  1587     0.04939116     0.00826882
  1588     0.04918884     0.00828699
  1589     0.04898670     0.00830537
  1590     0.04878476     0.00832398
  1591     0.04858301     0.00834283
  1592     0.04838147     0.00836191
  1593     0.04818014     0.00838123
  1594     0.04797902     0.00840079
  1595     0.04777813     0.00842061
  1596     0.04757746     0.00844068
  1597     0.04737702     0.00846101
  1598     0.04717682     0.00848160
  1599     0.04697687     0.00850245
  1600     0.04677718     0.00852358
  1601     0.04657776     0.00854497
  1602     0.04637860     0.00856664
  1603     0.04617973     0.00858858
  1604     0.04598115     0.00861080
  1605     0.04578287     0.00863331
  1606     0.04558491     0.00865609
  1607     0.04538726     0.00867917
  1608     0.04518995     0.00870253
  1609     0.04499298     0.00872619
  1610     0.04479636     0.00875014
  1611     0.04460012     0.00877439
  1612     0.04440424     0.00879894
  1613     0.04420876     0.00882380
  1614     0.04401368     0.00884896
  1615     0.04381900     0.00887443
  1616     0.04362476     0.00890022
  1617     0.04343095     0.00892633
  1618     0.04323759     0.00895276
  1619     0.04304469     0.00897952
  1620     0.04285227     0.00900661
  1621     0.04266033     0.00903404
  1622     0.04246889     0.00906181
  1623     0.04227796     0.00908993
  1624     0.04208755     0.00911840
  1625     0.04189768     0.00914723
  1626     0.04170836     0.00917643
  1627     0.04151959     0.00920600
  1628     0.04133140     0.00923594
  1629     0.04114379     0.00926627
  1630     0.04095678     0.00929699
  1631     0.04077037     0.00932810
  1632     0.04058458     0.00935962
  1633     0.04039942     0.00939154
  1634     0.04021489     0.00942388
  1635     0.04003101     0.00945664
  1636     0.03984780     0.00948983
  1637     0.03966525     0.00952344
  1638     0.03948338     0.00955750
  1639     0.03930220     0.00959199
  1640     0.03912171     0.00962693
  1641     0.03894193     0.00966232
  1642     0.03876286     0.00969817
  1643     0.03858451     0.00973446
  1644     0.03840688     0.00977122
  1645     0.03822999     0.00980844
  1646     0.03805385     0.00984612
  1647     0.03787845     0.00988426
  1648     0.03770380     0.00992285
  1649     0.03752991     0.00996191
  1650     0.03735678     0.01000142
  1651     0.03718442     0.01004139
  1652     0.03701283     0.01008180
  1653     0.03684201     0.01012266
  1654     0.03667197     0.01016396
  1655     0.03650271     0.01020569
  1656     0.03633424     0.01024784
  1657     0.03616654     0.01029040
  1658     0.03599964     0.01033337
  1659     0.03583352     0.01037673
  1660     0.03566819     0.01042048
  1661     0.03550365     0.01046460
  1662     0.03533990     0.01050907
  1663     0.03517693     0.01055389
  1664     0.03501476     0.01059904
  1665     0.03485337     0.01064450
  1666     0.03469276     0.01069026
  1667     0.03453294     0.01073630
  1668     0.03437390     0.01078261
  1669     0.03421564     0.01082916
  1670     0.03405816     0.01087595
  1671     0.03390145     0.01092294
  1672     0.03374551     0.01097014
  1673     0.03359034     0.01101750
  1674     0.03343593     0.01106503
  1675     0.03328229     0.01111270
  1676     0.03312941     0.01116049
  1677     0.03297727     0.01120838
  1678     0.03282589     0.01125637
  1679     0.03267525     0.01130442
  1680     0.03252536     0.01135253
  1681     0.03237620     0.01140068
  1682     0.03222777     0.01144885
  1683     0.03208008     0.01149703
  1684     0.03193310     0.01154520
  1685     0.03178685     0.01159336
  1686     0.03164131     0.01164149
  1687     0.03149648     0.01168958
  1688     0.03135235     0.01173762
  1689     0.03120893     0.01178560
  1690     0.03106620     0.01183351
  1691     0.03092416     0.01188135
  1692     0.03078282     0.01192911
  1693     0.03064215     0.01197679
  1694     0.03050216     0.01202438
  1695     0.03036285     0.01207189
  1696     0.03022421     0.01211930
  1697     0.03008624     0.01216662
  1698     0.02994893     0.01221386
  1699     0.02981227     0.01226101
  1700     0.02967628     0.01230808
  1701     0.02954093     0.01235508
  1702     0.02940623     0.01240200
  1703     0.02927218     0.01244887
  1704     0.02913877     0.01249567
  1705     0.02900599     0.01254243
  1706     0.02887385     0.01258916
  1707     0.02874235     0.01263585
  1708     0.02861147     0.01268254
  1709     0.02848122     0.01272921
  1710     0.02835159     0.01277590
  1711     0.02822259     0.01282262
  1712     0.02809420     0.01286936
  1713     0.02796643     0.01291616
  1714     0.02783927     0.01296303
  1715     0.02771273     0.01300998
  1716     0.02758679     0.01305702
  1717     0.02746147     0.01310417
  1718     0.02733675     0.01315145
  1719     0.02721263     0.01319887
  1720     0.02708911     0.01324645
  1721     0.02696620     0.01329421
  1722     0.02684388     0.01334215
  1723     0.02672215     0.01339030
  1724     0.02660102     0.01343867
  1725     0.02648048     0.01348728
  1726     0.02636052     0.01353614
  1727     0.02624115     0.01358527
  1728     0.02612237     0.01363469
  1729     0.02600416     0.01368440
  1730     0.02588654     0.01373442
  1731     0.02576949     0.01378477
  1732     0.02565301     0.01383547
  1733     0.02553710     0.01388652
  1734     0.02542176     0.01393794
  1735     0.02530698     0.01398974
  1736     0.02519276     0.01404195
  1737     0.02507909     0.01409457
  1738     0.02496598     0.01414761
  1739     0.02485341     0.01420109
  1740     0.02474139     0.01425503
  1741     0.02462991     0.01430943
  1742     0.02451896     0.01436431
  1743     0.02440854     0.01441968
  1744     0.02429864     0.01447557
  1745     0.02418927     0.01453197
  1746     0.02408040     0.01458890
  1747     0.02397204     0.01464638
  1748     0.02386418     0.01470442
  1749     0.02375682     0.01476304
  1750     0.02364994     0.01482224
  1751     0.02354355     0.01488203
  1752     0.02343762     0.01494245
  1753     0.02333217     0.01500348
  1754     0.02322717     0.01506516
  1755     0.02312262     0.01512749
  1756     0.02301851     0.01519048
  1757     0.02291483     0.01525415
  1758     0.02281159     0.01531850
  1759     0.02270875     0.01538356
  1760     0.02260633     0.01544933
  1761     0.02250430     0.01551583
  1762     0.02240267     0.01558305
  1763     0.02230141     0.01565103
  1764     0.02220052     0.01571975
  1765     0.02210000     0.01578924
  1766     0.02199982     0.01585951
  1767     0.02189999     0.01593055
  1768     0.02180048     0.01600237
  1769     0.02170130     0.01607499
  1770     0.02160243     0.01614841
  1771     0.02150385     0.01622263
  1772     0.02140557     0.01629766
  1773     0.02130757     0.01637349
  1774     0.02120984     0.01645013
  1775     0.02111237     0.01652758
  1776     0.02101514     0.01660584
  1777     0.02091816     0.01668491
  1778     0.02082141     0.01676478
  1779     0.02072488     0.01684546
  1780     0.02062856     0.01692693
  1781     0.02053244     0.01700918
  1782     0.02043652     0.01709222
  1783     0.02034078     0.01717604
  1784     0.02024521     0.01726061
  1785     0.02014982     0.01734595
  1786     0.02005458     0.01743203
  1787     0.01995949     0.01751884
  1788     0.01986454     0.01760638
  1789     0.01976974     0.01769462
  1790     0.01967506     0.01778355
  1791     0.01958050     0.01787317
  1792     0.01948606     0.01796346
  1793     0.01939173     0.01805439
  1794     0.01929751     0.01814597
  1795     0.01920339     0.01823816
  1796     0.01910936     0.01833097
  1797     0.01901543     0.01842436
  1798     0.01892159     0.01851833
  1799     0.01882783     0.01861286
  1800     0.01873416     0.01870794
  1801     0.01864056     0.01880356
  1802     0.01854705     0.01889969
  1803     0.01845362     0.01899633
  1804     0.01836027     0.01909346
  1805     0.01826699     0.01919107
  1806     0.01817379     0.01928916
  1807     0.01808068     0.01938770
  1808     0.01798764     0.01948670
  1809     0.01789469     0.01958613
  1810     0.01780183     0.01968600
  1811     0.01770905     0.01978629
  1812     0.01761637     0.01988701
  1813     0.01752379     0.01998814
  1814     0.01743131     0.02008968
  1815     0.01733894     0.02019162
  1816     0.01724668     0.02029397
  1817     0.01715454     0.02039672
  1818     0.01706252     0.02049988
  1819     0.01697064     0.02060343
  1820     0.01687889     0.02070739
  1821     0.01678730     0.02081175
  1822     0.01669586     0.02091652
  1823     0.01660459     0.02102169
  1824     0.01651349     0.02112728
  1825     0.01642258     0.02123328
  1826     0.01633186     0.02133971
  1827     0.01624134     0.02144656
  1828     0.01615103     0.02155384
  1829     0.01606095     0.02166156
  1830     0.01597111     0.02176972
  1831     0.01588151     0.02187833
  1832     0.01579217     0.02198740
  1833     0.01570310     0.02209692
  1834     0.01561431     0.02220692
  1835     0.01552581     0.02231740
  1836     0.01543761     0.02242835
  1837     0.01534973     0.02253980
  1838     0.01526218     0.02265175
  1839     0.01517497     0.02276420
  1840     0.01508811     0.02287717
  1841     0.01500162     0.02299065
  1842     0.01491550     0.02310467
  1843     0.01482977     0.02321921
  1844     0.01474444     0.02333431
  1845     0.01465952     0.02344995
  1846     0.01457503     0.02356616
  1847     0.01449097     0.02368293
  1848     0.01440735     0.02380029
  1849     0.01432420     0.02391823
  1850     0.01424150     0.02403676
  1851     0.01415929     0.02415591
  1852     0.01407757     0.02427567
  1853     0.01399634     0.02439607
  1854     0.01391562     0.02451711
  1855     0.01383542     0.02463880
  1856     0.01375575     0.02476116
  1857     0.01367661     0.02488421
  1858     0.01359801     0.02500797
  1859     0.01351996     0.02513243
  1860     0.01344248     0.02525764
  1861     0.01336555     0.02538360
  1862     0.01328920     0.02551034
  1863     0.01321343     0.02563788
  1864     0.01313824     0.02576624
  1865     0.01306364     0.02589545
  1866     0.01298964     0.02602553
  1867     0.01291623     0.02615651
  1868     0.01284343     0.02628842
  1869     0.01277123     0.02642128
  1870     0.01269965     0.02655513
  1871     0.01262867     0.02669000
  1872     0.01255830     0.02682593
  1873     0.01248856     0.02696294
  1874     0.01241942     0.02710107
  1875     0.01235091     0.02724036
  1876     0.01228301     0.02738085
  1877     0.01221572     0.02752258
  1878     0.01214906     0.02766557
  1879     0.01208300     0.02780988
  1880     0.01201756     0.02795554
  1881     0.01195273     0.02810258
  1882     0.01188851     0.02825106
  1883     0.01182489     0.02840101
  1884     0.01176188     0.02855247
  1885     0.01169946     0.02870547
  1886     0.01163764     0.02886007
  1887     0.01157641     0.02901629
  1888     0.01151576     0.02917417
  1889     0.01145570     0.02933375
  1890     0.01139620     0.02949506
  1891     0.01133728     0.02965815
  1892     0.01127892     0.02982304
  1893     0.01122111     0.02998976
  1894     0.01116386     0.03015834
  1895     0.01110715     0.03032882
  1896     0.01105097     0.03050122
  1897     0.01099533     0.03067555
  1898     0.01094020     0.03085186
  1899     0.01088559     0.03103014
  1900     0.01083149     0.03121044
  1901     0.01077788     0.03139275
  1902     0.01072477     0.03157709
  1903     0.01067214     0.03176348
  1904     0.01061998     0.03195193
  1905     0.01056829     0.03214244
  1906     0.01051706     0.03233501
  1907     0.01046627     0.03252966
  1908     0.01041593     0.03272637
  1909     0.01036602     0.03292515
  1910     0.01031654     0.03312600
  1911     0.01026747     0.03332890
  1912     0.01021881     0.03353385
  1913     0.01017056     0.03374084
  1914     0.01012269     0.03394986
  1915     0.01007521     0.03416090
  1916     0.01002810     0.03437393
  1917     0.00998136     0.03458895
  1918     0.00993498     0.03480592
  1919     0.00988895     0.03502484
  1920     0.00984327     0.03524569
  1921     0.00979792     0.03546844
  1922     0.00975291     0.03569306
  1923     0.00970821     0.03591954
  1924     0.00966383     0.03614784
  1925     0.00961976     0.03637796
  1926     0.00957599     0.03660984
  1927     0.00953252     0.03684349
  1928     0.00948933     0.03707886
  1929     0.00944642     0.03731593
  1930     0.00940379     0.03755467
  1931     0.00936143     0.03779506
  1932     0.00931933     0.03803708
  1933     0.00927749     0.03828068
  1934     0.00923590     0.03852587
  1935     0.00919456     0.03877259
  1936     0.00915346     0.03902085
  1937     0.00911259     0.03927060
  1938     0.00907195     0.03952184
  1939     0.00903154     0.03977453
  1940     0.00899134     0.04002865
  1941     0.00895136     0.04028421
  1942     0.00891159     0.04054116
  1943     0.00887203     0.04079950
  1944     0.00883267     0.04105921
  1945     0.00879350     0.04132029
  1946     0.00875453     0.04158272
  1947     0.00871574     0.04184649
  1948     0.00867714     0.04211159
  1949     0.00863872     0.04237803
  1950     0.00860047     0.04264580
  1951     0.00856239     0.04291490
  1952     0.00852448     0.04318533
  1953     0.00848673     0.04345709
  1954     0.00844915     0.04373020
  1955     0.00841171     0.04400466
  1956     0.00837442     0.04428049
  1957     0.00833729     0.04455770
  1958     0.00830029     0.04483631
  1959     0.00826343     0.04511635
  1960     0.00822670     0.04539783
  1961     0.00819011     0.04568078
  1962     0.00815364     0.04596523
  1963     0.00811729     0.04625123
  1964     0.00808106     0.04653880
  1965     0.00804493     0.04682798
  1966     0.00800892     0.04711883
  1967     0.00797301     0.04741139
  1968     0.00793720     0.04770570
  1969     0.00790148     0.04800182
  1970     0.00786586     0.04829982
  1971     0.00783031     0.04859975
  1972     0.00779485     0.04890167
  1973     0.00775946     0.04920565
  1974     0.00772414     0.04951178
  1975     0.00768889     0.04982010
  1976     0.00765370     0.05013071
  1977     0.00761856     0.05044369
  1978     0.00758347     0.05075911
  1979     0.00754842     0.05107707
  1980     0.00751341     0.05139764
  1981     0.00747844     0.05172092
  1982     0.00744350     0.05204701
  1983     0.00740857     0.05237599
  1984     0.00737367     0.05270796
  1985     0.00733878     0.05304301
  1986     0.00730389     0.05338125
  1987     0.00726901     0.05372277
  1988     0.00723412     0.05406767
  1989     0.00719922     0.05441605
  1990     0.00716430     0.05476801
  1991     0.00712937     0.05512365
  1992     0.00709441     0.05548306
  1993     0.00705941     0.05584634
  1994     0.00702439     0.05621359
  1995     0.00698932     0.05658489
  1996     0.00695420     0.05696034
  1997     0.00691903     0.05734003
  1998     0.00688381     0.05772404
  1999     0.00684853     0.05811245
  2000     0.00681318     0.05850535
