# Wilkinson Microwave Anisotropy Probe (WMAP) 9 year data release, version 5.1
# Beam Transfer Function (amplitude) for differencing assembly W2,
# normalized to 1.0 at l=1.  The window function is the square of the
# beam transfer function.
# Reference = WMAP Explanatory Supplement: http://lambda.gsfc.nasa.gov/
# Column 1 = multipole moment l
# Column 2 = beam transfer function (amplitude), dimensionless units.
# Column 3 = 1-sigma frectional error,  delta_b_l / b_l.  See 
#             Hill et al. 2009 ApJ 180,246 for a detailed discussion of 
#             error computation.
# 
     0     1.00001973     0.00000292
     1     1.00000000     0.00000000
     2     0.99996055     0.00000583
     3     0.99990138     0.00001457
     4     0.99982254     0.00002621
     5     0.99972404     0.00004073
     6     0.99960592     0.00005811
     7     0.99946823     0.00007832
     8     0.99931102     0.00010135
     9     0.99913436     0.00012716
    10     0.99893831     0.00015572
    11     0.99872294     0.00018700
    12     0.99848833     0.00022094
    13     0.99823458     0.00025751
    14     0.99796178     0.00029666
    15     0.99767004     0.00033834
    16     0.99735946     0.00038250
    17     0.99703016     0.00042908
    18     0.99668224     0.00047801
    19     0.99631587     0.00052924
    20     0.99593115     0.00058270
    21     0.99552824     0.00063833
    22     0.99510727     0.00069605
    23     0.99466840     0.00075579
    24     0.99421179     0.00081748
    25     0.99373759     0.00088103
    26     0.99324599     0.00094637
    27     0.99273713     0.00101342
    28     0.99221121     0.00108210
    29     0.99166840     0.00115231
    30     0.99110889     0.00122398
    31     0.99053286     0.00129702
    32     0.98994050     0.00137133
    33     0.98933203     0.00144684
    34     0.98870762     0.00152344
    35     0.98806749     0.00160105
    36     0.98741183     0.00167958
    37     0.98674086     0.00175893
    38     0.98605477     0.00183901
    39     0.98535380     0.00191973
    40     0.98463816     0.00200100
    41     0.98390803     0.00208272
    42     0.98316366     0.00216481
    43     0.98240526     0.00224717
    44     0.98163304     0.00232971
    45     0.98084724     0.00241233
    46     0.98004804     0.00249496
    47     0.97923572     0.00257751
    48     0.97841044     0.00265988
    49     0.97757245     0.00274199
    50     0.97672196     0.00282375
    51     0.97585920     0.00290509
    52     0.97498438     0.00298592
    53     0.97409771     0.00306617
    54     0.97319943     0.00314575
    55     0.97228973     0.00322460
    56     0.97136882     0.00330263
    57     0.97043695     0.00337978
    58     0.96949428     0.00345598
    59     0.96854103     0.00353116
    60     0.96757744     0.00360526
    61     0.96660367     0.00367821
    62     0.96561995     0.00374997
    63     0.96462645     0.00382046
    64     0.96362338     0.00388965
    65     0.96261093     0.00395747
    66     0.96158930     0.00402389
    67     0.96055866     0.00408886
    68     0.95951918     0.00415232
    69     0.95847107     0.00421426
    70     0.95741451     0.00427462
    71     0.95634963     0.00433339
    72     0.95527662     0.00439052
    73     0.95419566     0.00444599
    74     0.95310689     0.00449977
    75     0.95201048     0.00455185
    76     0.95090656     0.00460221
    77     0.94979533     0.00465083
    78     0.94867688     0.00469770
    79     0.94755138     0.00474281
    80     0.94641897     0.00478616
    81     0.94527978     0.00482773
    82     0.94413393     0.00486753
    83     0.94298156     0.00490556
    84     0.94182280     0.00494182
    85     0.94065774     0.00497633
    86     0.93948652     0.00500908
    87     0.93830925     0.00504009
    88     0.93712602     0.00506938
    89     0.93593696     0.00509696
    90     0.93474215     0.00512285
    91     0.93354170     0.00514707
    92     0.93233569     0.00516963
    93     0.93112423     0.00519058
    94     0.92990739     0.00520992
    95     0.92868525     0.00522769
    96     0.92745791     0.00524393
    97     0.92622543     0.00525864
    98     0.92498791     0.00527188
    99     0.92374540     0.00528368
   100     0.92249796     0.00529406
   101     0.92124569     0.00530307
   102     0.91998863     0.00531073
   103     0.91872685     0.00531710
   104     0.91746040     0.00532220
   105     0.91618936     0.00532607
   106     0.91491376     0.00532876
   107     0.91363367     0.00533031
   108     0.91234913     0.00533075
   109     0.91106020     0.00533013
   110     0.90976693     0.00532848
   111     0.90846935     0.00532585
   112     0.90716754     0.00532228
   113     0.90586150     0.00531781
   114     0.90455132     0.00531248
   115     0.90323700     0.00530634
   116     0.90191861     0.00529941
   117     0.90059619     0.00529175
   118     0.89926978     0.00528339
   119     0.89793939     0.00527437
   120     0.89660511     0.00526473
   121     0.89526694     0.00525451
   122     0.89392494     0.00524374
   123     0.89257915     0.00523246
   124     0.89122959     0.00522071
   125     0.88987632     0.00520853
   126     0.88851938     0.00519594
   127     0.88715879     0.00518298
   128     0.88579461     0.00516969
   129     0.88442688     0.00515609
   130     0.88305564     0.00514222
   131     0.88168093     0.00512810
   132     0.88030279     0.00511376
   133     0.87892127     0.00509924
   134     0.87753640     0.00508455
   135     0.87614825     0.00506973
   136     0.87475686     0.00505480
   137     0.87336227     0.00503977
   138     0.87196454     0.00502469
   139     0.87056371     0.00500956
   140     0.86915983     0.00499441
   141     0.86775296     0.00497925
   142     0.86634313     0.00496411
   143     0.86493044     0.00494900
   144     0.86351491     0.00493395
   145     0.86209661     0.00491896
   146     0.86067560     0.00490404
   147     0.85925192     0.00488923
   148     0.85782567     0.00487452
   149     0.85639687     0.00485993
   150     0.85496562     0.00484547
   151     0.85353195     0.00483115
   152     0.85209594     0.00481698
   153     0.85065768     0.00480298
   154     0.84921719     0.00478914
   155     0.84777458     0.00477547
   156     0.84632990     0.00476200
   157     0.84488324     0.00474871
   158     0.84343465     0.00473561
   159     0.84198421     0.00472272
   160     0.84053200     0.00471003
   161     0.83907807     0.00469754
   162     0.83762253     0.00468527
   163     0.83616544     0.00467322
   164     0.83470688     0.00466138
   165     0.83324692     0.00464977
   166     0.83178564     0.00463838
   167     0.83032312     0.00462721
   168     0.82885943     0.00461627
   169     0.82739467     0.00460555
   170     0.82592889     0.00459506
   171     0.82446219     0.00458480
   172     0.82299464     0.00457476
   173     0.82152632     0.00456496
   174     0.82005731     0.00455538
   175     0.81858770     0.00454603
   176     0.81711754     0.00453691
   177     0.81564694     0.00452801
   178     0.81417596     0.00451935
   179     0.81270467     0.00451091
   180     0.81123316     0.00450269
   181     0.80976151     0.00449470
   182     0.80828980     0.00448694
   183     0.80681807     0.00447940
   184     0.80534644     0.00447208
   185     0.80387496     0.00446499
   186     0.80240370     0.00445812
   187     0.80093274     0.00445147
   188     0.79946214     0.00444504
   189     0.79799196     0.00443884
   190     0.79652231     0.00443285
   191     0.79505321     0.00442709
   192     0.79358474     0.00442154
   193     0.79211699     0.00441622
   194     0.79065000     0.00441111
   195     0.78918382     0.00440622
   196     0.78771854     0.00440155
   197     0.78625419     0.00439710
   198     0.78479083     0.00439287
   199     0.78332854     0.00438886
   200     0.78186736     0.00438506
   201     0.78040734     0.00438148
   202     0.77894851     0.00437812
   203     0.77749095     0.00437498
   204     0.77603471     0.00437206
   205     0.77457981     0.00436935
   206     0.77312631     0.00436687
   207     0.77167425     0.00436460
   208     0.77022366     0.00436255
   209     0.76877458     0.00436072
   210     0.76732706     0.00435910
   211     0.76588114     0.00435771
   212     0.76443683     0.00435653
   213     0.76299417     0.00435557
   214     0.76155319     0.00435483
   215     0.76011394     0.00435430
   216     0.75867642     0.00435400
   217     0.75724065     0.00435391
   218     0.75580669     0.00435404
   219     0.75437451     0.00435438
   220     0.75294418     0.00435494
   221     0.75151569     0.00435571
   222     0.75008905     0.00435670
   223     0.74866430     0.00435790
   224     0.74724145     0.00435931
   225     0.74582049     0.00436094
   226     0.74440146     0.00436277
   227     0.74298435     0.00436482
   228     0.74156918     0.00436707
   229     0.74015594     0.00436952
   230     0.73874465     0.00437218
   231     0.73733532     0.00437504
   232     0.73592795     0.00437810
   233     0.73452254     0.00438135
   234     0.73311909     0.00438480
   235     0.73171761     0.00438844
   236     0.73031808     0.00439226
   237     0.72892051     0.00439627
   238     0.72752491     0.00440046
   239     0.72613125     0.00440483
   240     0.72473957     0.00440937
   241     0.72334983     0.00441408
   242     0.72196203     0.00441895
   243     0.72057616     0.00442398
   244     0.71919224     0.00442916
   245     0.71781024     0.00443449
   246     0.71643015     0.00443996
   247     0.71505199     0.00444557
   248     0.71367573     0.00445130
   249     0.71230138     0.00445716
   250     0.71092891     0.00446313
   251     0.70955833     0.00446921
   252     0.70818962     0.00447539
   253     0.70682278     0.00448166
   254     0.70545779     0.00448802
   255     0.70409465     0.00449445
   256     0.70273336     0.00450095
   257     0.70137389     0.00450750
   258     0.70001627     0.00451411
   259     0.69866044     0.00452076
   260     0.69730644     0.00452743
   261     0.69595422     0.00453413
   262     0.69460381     0.00454084
   263     0.69325519     0.00454756
   264     0.69190834     0.00455426
   265     0.69056327     0.00456095
   266     0.68921996     0.00456761
   267     0.68787841     0.00457423
   268     0.68653863     0.00458080
   269     0.68520060     0.00458732
   270     0.68386430     0.00459377
   271     0.68252976     0.00460015
   272     0.68119695     0.00460644
   273     0.67986589     0.00461263
   274     0.67853655     0.00461872
   275     0.67720895     0.00462470
   276     0.67588308     0.00463055
   277     0.67455894     0.00463628
   278     0.67323653     0.00464186
   279     0.67191584     0.00464730
   280     0.67059690     0.00465259
   281     0.66927967     0.00465771
   282     0.66796419     0.00466267
   283     0.66665044     0.00466745
   284     0.66533843     0.00467205
   285     0.66402817     0.00467647
   286     0.66271966     0.00468069
   287     0.66141290     0.00468472
   288     0.66010789     0.00468855
   289     0.65880466     0.00469218
   290     0.65750320     0.00469559
   291     0.65620351     0.00469880
   292     0.65490561     0.00470179
   293     0.65360951     0.00470457
   294     0.65231520     0.00470713
   295     0.65102272     0.00470948
   296     0.64973205     0.00471161
   297     0.64844324     0.00471351
   298     0.64715625     0.00471521
   299     0.64587113     0.00471668
   300     0.64458787     0.00471794
   301     0.64330650     0.00471898
   302     0.64202702     0.00471981
   303     0.64074943     0.00472043
   304     0.63947378     0.00472085
   305     0.63820007     0.00472106
   306     0.63692830     0.00472107
   307     0.63565850     0.00472089
   308     0.63439067     0.00472051
   309     0.63312486     0.00471995
   310     0.63186104     0.00471920
   311     0.63059926     0.00471828
   312     0.62933952     0.00471719
   313     0.62808185     0.00471592
   314     0.62682625     0.00471450
   315     0.62557275     0.00471293
   316     0.62432137     0.00471121
   317     0.62307212     0.00470935
   318     0.62182502     0.00470735
   319     0.62058010     0.00470523
   320     0.61933735     0.00470298
   321     0.61809682     0.00470062
   322     0.61685852     0.00469816
   323     0.61562246     0.00469559
   324     0.61438866     0.00469294
   325     0.61315715     0.00469020
   326     0.61192792     0.00468738
   327     0.61070104     0.00468450
   328     0.60947649     0.00468155
   329     0.60825431     0.00467855
   330     0.60703449     0.00467549
   331     0.60581708     0.00467240
   332     0.60460209     0.00466928
   333     0.60338955     0.00466613
   334     0.60217944     0.00466296
   335     0.60097182     0.00465978
   336     0.59976670     0.00465659
   337     0.59856409     0.00465341
   338     0.59736400     0.00465023
   339     0.59616648     0.00464707
   340     0.59497152     0.00464393
   341     0.59377915     0.00464082
   342     0.59258938     0.00463774
   343     0.59140223     0.00463469
   344     0.59021773     0.00463169
   345     0.58903588     0.00462874
   346     0.58785671     0.00462585
   347     0.58668022     0.00462301
   348     0.58550644     0.00462023
   349     0.58433539     0.00461752
   350     0.58316706     0.00461488
   351     0.58200149     0.00461232
   352     0.58083868     0.00460983
   353     0.57967866     0.00460742
   354     0.57852143     0.00460510
   355     0.57736700     0.00460286
   356     0.57621540     0.00460070
   357     0.57506663     0.00459864
   358     0.57392069     0.00459666
   359     0.57277759     0.00459478
   360     0.57163738     0.00459299
   361     0.57050003     0.00459129
   362     0.56936556     0.00458968
   363     0.56823397     0.00458816
   364     0.56710528     0.00458674
   365     0.56597950     0.00458541
   366     0.56485662     0.00458416
   367     0.56373665     0.00458300
   368     0.56261960     0.00458193
   369     0.56150549     0.00458095
   370     0.56039428     0.00458004
   371     0.55928601     0.00457922
   372     0.55818066     0.00457847
   373     0.55707824     0.00457779
   374     0.55597874     0.00457719
   375     0.55488219     0.00457666
   376     0.55378854     0.00457619
   377     0.55269781     0.00457579
   378     0.55161000     0.00457544
   379     0.55052510     0.00457515
   380     0.54944310     0.00457491
   381     0.54836402     0.00457473
   382     0.54728781     0.00457458
   383     0.54621449     0.00457448
   384     0.54514403     0.00457442
   385     0.54407642     0.00457440
   386     0.54301168     0.00457440
   387     0.54194977     0.00457444
   388     0.54089067     0.00457450
   389     0.53983439     0.00457459
   390     0.53878090     0.00457470
   391     0.53773018     0.00457483
   392     0.53668222     0.00457498
   393     0.53563698     0.00457514
   394     0.53459448     0.00457532
   395     0.53355467     0.00457551
   396     0.53251753     0.00457570
   397     0.53148305     0.00457591
   398     0.53045121     0.00457613
   399     0.52942196     0.00457635
   400     0.52839531     0.00457659
   401     0.52737120     0.00457683
   402     0.52634963     0.00457708
   403     0.52533055     0.00457733
   404     0.52431395     0.00457760
   405     0.52329979     0.00457788
   406     0.52228805     0.00457816
   407     0.52127869     0.00457846
   408     0.52027169     0.00457877
   409     0.51926701     0.00457910
   410     0.51826462     0.00457944
   411     0.51726447     0.00457980
   412     0.51626657     0.00458018
   413     0.51527083     0.00458058
   414     0.51427728     0.00458101
   415     0.51328583     0.00458146
   416     0.51229646     0.00458195
   417     0.51130916     0.00458246
   418     0.51032385     0.00458301
   419     0.50934054     0.00458360
   420     0.50835916     0.00458422
   421     0.50737970     0.00458489
   422     0.50640211     0.00458560
   423     0.50542635     0.00458635
   424     0.50445238     0.00458715
   425     0.50348018     0.00458801
   426     0.50250970     0.00458891
   427     0.50154091     0.00458987
   428     0.50057378     0.00459089
   429     0.49960827     0.00459196
   430     0.49864433     0.00459310
   431     0.49768195     0.00459429
   432     0.49672108     0.00459555
   433     0.49576169     0.00459687
   434     0.49480374     0.00459825
   435     0.49384721     0.00459970
   436     0.49289206     0.00460121
   437     0.49193826     0.00460278
   438     0.49098577     0.00460442
   439     0.49003458     0.00460613
   440     0.48908463     0.00460790
   441     0.48813593     0.00460974
   442     0.48718841     0.00461163
   443     0.48624208     0.00461359
   444     0.48529690     0.00461562
   445     0.48435283     0.00461770
   446     0.48340987     0.00461983
   447     0.48246797     0.00462203
   448     0.48152713     0.00462427
   449     0.48058733     0.00462657
   450     0.47964854     0.00462892
   451     0.47871074     0.00463131
   452     0.47777393     0.00463375
   453     0.47683806     0.00463623
   454     0.47590315     0.00463874
   455     0.47496917     0.00464129
   456     0.47403610     0.00464387
   457     0.47310395     0.00464647
   458     0.47217270     0.00464910
   459     0.47124235     0.00465174
   460     0.47031287     0.00465440
   461     0.46938427     0.00465707
   462     0.46845654     0.00465975
   463     0.46752967     0.00466243
   464     0.46660369     0.00466510
   465     0.46567857     0.00466777
   466     0.46475432     0.00467043
   467     0.46383093     0.00467307
   468     0.46290844     0.00467568
   469     0.46198680     0.00467827
   470     0.46106606     0.00468083
   471     0.46014622     0.00468335
   472     0.45922727     0.00468583
   473     0.45830923     0.00468827
   474     0.45739212     0.00469066
   475     0.45647593     0.00469298
   476     0.45556069     0.00469525
   477     0.45464642     0.00469746
   478     0.45373312     0.00469960
   479     0.45282082     0.00470166
   480     0.45190952     0.00470364
   481     0.45099925     0.00470555
   482     0.45009003     0.00470736
   483     0.44918188     0.00470909
   484     0.44827482     0.00471073
   485     0.44736885     0.00471226
   486     0.44646403     0.00471370
   487     0.44556036     0.00471503
   488     0.44465787     0.00471626
   489     0.44375658     0.00471738
   490     0.44285652     0.00471839
   491     0.44195771     0.00471928
   492     0.44106019     0.00472006
   493     0.44016395     0.00472073
   494     0.43926906     0.00472127
   495     0.43837553     0.00472170
   496     0.43748337     0.00472200
   497     0.43659262     0.00472219
   498     0.43570331     0.00472226
   499     0.43481546     0.00472221
   500     0.43392911     0.00472204
   501     0.43304427     0.00472175
   502     0.43216097     0.00472134
   503     0.43127924     0.00472082
   504     0.43039911     0.00472018
   505     0.42952061     0.00471943
   506     0.42864374     0.00471858
   507     0.42776855     0.00471762
   508     0.42689507     0.00471655
   509     0.42602330     0.00471538
   510     0.42515327     0.00471412
   511     0.42428502     0.00471277
   512     0.42341855     0.00471133
   513     0.42255389     0.00470980
   514     0.42169107     0.00470819
   515     0.42083009     0.00470651
   516     0.41997100     0.00470476
   517     0.41911379     0.00470294
   518     0.41825850     0.00470107
   519     0.41740513     0.00469914
   520     0.41655369     0.00469716
   521     0.41570422     0.00469514
   522     0.41485671     0.00469309
   523     0.41401120     0.00469100
   524     0.41316768     0.00468889
   525     0.41232616     0.00468676
   526     0.41148665     0.00468462
   527     0.41064917     0.00468247
   528     0.40981373     0.00468032
   529     0.40898033     0.00467817
   530     0.40814896     0.00467604
   531     0.40731966     0.00467392
   532     0.40649239     0.00467182
   533     0.40566718     0.00466976
   534     0.40484405     0.00466773
   535     0.40402296     0.00466573
   536     0.40320392     0.00466379
   537     0.40238695     0.00466189
   538     0.40157202     0.00466005
   539     0.40075914     0.00465826
   540     0.39994829     0.00465655
   541     0.39913950     0.00465490
   542     0.39833273     0.00465332
   543     0.39752797     0.00465183
   544     0.39672524     0.00465041
   545     0.39592451     0.00464908
   546     0.39512577     0.00464783
   547     0.39432900     0.00464668
   548     0.39353422     0.00464562
   549     0.39274139     0.00464466
   550     0.39195050     0.00464379
   551     0.39116154     0.00464303
   552     0.39037450     0.00464237
   553     0.38958936     0.00464181
   554     0.38880610     0.00464136
   555     0.38802469     0.00464101
   556     0.38724514     0.00464077
   557     0.38646744     0.00464064
   558     0.38569154     0.00464061
   559     0.38491744     0.00464069
   560     0.38414512     0.00464087
   561     0.38337455     0.00464116
   562     0.38260572     0.00464156
   563     0.38183862     0.00464206
   564     0.38107322     0.00464266
   565     0.38030951     0.00464335
   566     0.37954745     0.00464415
   567     0.37878705     0.00464504
   568     0.37802827     0.00464602
   569     0.37727110     0.00464710
   570     0.37651554     0.00464826
   571     0.37576152     0.00464950
   572     0.37500906     0.00465082
   573     0.37425814     0.00465222
   574     0.37350874     0.00465369
   575     0.37276084     0.00465523
   576     0.37201442     0.00465683
   577     0.37126946     0.00465849
   578     0.37052595     0.00466021
   579     0.36978390     0.00466197
   580     0.36904325     0.00466379
   581     0.36830401     0.00466564
   582     0.36756617     0.00466752
   583     0.36682970     0.00466944
   584     0.36609461     0.00467138
   585     0.36536088     0.00467335
   586     0.36462849     0.00467532
   587     0.36389744     0.00467731
   588     0.36316772     0.00467930
   589     0.36243932     0.00468129
   590     0.36171222     0.00468327
   591     0.36098644     0.00468525
   592     0.36026197     0.00468720
   593     0.35953877     0.00468914
   594     0.35881689     0.00469104
   595     0.35809627     0.00469292
   596     0.35737696     0.00469477
   597     0.35665891     0.00469657
   598     0.35594217     0.00469833
   599     0.35522670     0.00470004
   600     0.35451251     0.00470170
   601     0.35379962     0.00470330
   602     0.35308802     0.00470485
   603     0.35237772     0.00470633
   604     0.35166872     0.00470775
   605     0.35096101     0.00470910
   606     0.35025463     0.00471039
   607     0.34954957     0.00471160
   608     0.34884582     0.00471274
   609     0.34814342     0.00471380
   610     0.34744237     0.00471479
   611     0.34674267     0.00471570
   612     0.34604434     0.00471654
   613     0.34534740     0.00471730
   614     0.34465185     0.00471798
   615     0.34395771     0.00471858
   616     0.34326499     0.00471911
   617     0.34257370     0.00471956
   618     0.34188386     0.00471994
   619     0.34119550     0.00472025
   620     0.34050861     0.00472049
   621     0.33982323     0.00472066
   622     0.33913938     0.00472076
   623     0.33845704     0.00472081
   624     0.33777628     0.00472079
   625     0.33709707     0.00472071
   626     0.33641946     0.00472059
   627     0.33574346     0.00472041
   628     0.33506911     0.00472018
   629     0.33439638     0.00471991
   630     0.33372534     0.00471961
   631     0.33305600     0.00471927
   632     0.33238834     0.00471890
   633     0.33172244     0.00471850
   634     0.33105828     0.00471808
   635     0.33039590     0.00471764
   636     0.32973532     0.00471719
   637     0.32907654     0.00471673
   638     0.32841960     0.00471626
   639     0.32776452     0.00471580
   640     0.32711131     0.00471534
   641     0.32646000     0.00471488
   642     0.32581062     0.00471444
   643     0.32516317     0.00471401
   644     0.32451766     0.00471360
   645     0.32387414     0.00471321
   646     0.32323261     0.00471285
   647     0.32259309     0.00471252
   648     0.32195561     0.00471222
   649     0.32132018     0.00471195
   650     0.32068682     0.00471173
   651     0.32005554     0.00471154
   652     0.31942636     0.00471139
   653     0.31879930     0.00471129
   654     0.31817438     0.00471124
   655     0.31755160     0.00471123
   656     0.31693099     0.00471127
   657     0.31631256     0.00471136
   658     0.31569632     0.00471150
   659     0.31508229     0.00471169
   660     0.31447047     0.00471193
   661     0.31386089     0.00471222
   662     0.31325355     0.00471256
   663     0.31264845     0.00471294
   664     0.31204562     0.00471338
   665     0.31144507     0.00471386
   666     0.31084679     0.00471439
   667     0.31025081     0.00471496
   668     0.30965712     0.00471557
   669     0.30906573     0.00471622
   670     0.30847665     0.00471691
   671     0.30788990     0.00471763
   672     0.30730546     0.00471839
   673     0.30672334     0.00471917
   674     0.30614356     0.00471998
   675     0.30556610     0.00472082
   676     0.30499097     0.00472167
   677     0.30441818     0.00472254
   678     0.30384773     0.00472343
   679     0.30327962     0.00472432
   680     0.30271383     0.00472522
   681     0.30215039     0.00472612
   682     0.30158926     0.00472702
   683     0.30103048     0.00472791
   684     0.30047402     0.00472880
   685     0.29991987     0.00472967
   686     0.29936804     0.00473053
   687     0.29881854     0.00473137
   688     0.29827134     0.00473219
   689     0.29772644     0.00473298
   690     0.29718383     0.00473374
   691     0.29664351     0.00473447
   692     0.29610547     0.00473516
   693     0.29556969     0.00473581
   694     0.29503618     0.00473643
   695     0.29450493     0.00473699
   696     0.29397590     0.00473752
   697     0.29344913     0.00473799
   698     0.29292457     0.00473841
   699     0.29240220     0.00473878
   700     0.29188205     0.00473910
   701     0.29136408     0.00473936
   702     0.29084827     0.00473956
   703     0.29033464     0.00473970
   704     0.28982314     0.00473979
   705     0.28931377     0.00473981
   706     0.28880654     0.00473978
   707     0.28830139     0.00473969
   708     0.28779833     0.00473954
   709     0.28729736     0.00473932
   710     0.28679844     0.00473905
   711     0.28630156     0.00473873
   712     0.28580671     0.00473835
   713     0.28531386     0.00473791
   714     0.28482301     0.00473742
   715     0.28433415     0.00473688
   716     0.28384724     0.00473629
   717     0.28336228     0.00473566
   718     0.28287925     0.00473498
   719     0.28239811     0.00473426
   720     0.28191889     0.00473351
   721     0.28144154     0.00473272
   722     0.28096606     0.00473190
   723     0.28049240     0.00473105
   724     0.28002059     0.00473018
   725     0.27955058     0.00472929
   726     0.27908236     0.00472838
   727     0.27861592     0.00472747
   728     0.27815123     0.00472654
   729     0.27768828     0.00472562
   730     0.27722705     0.00472469
   731     0.27676755     0.00472377
   732     0.27630972     0.00472287
   733     0.27585358     0.00472197
   734     0.27539910     0.00472110
   735     0.27494626     0.00472026
   736     0.27449504     0.00471944
   737     0.27404544     0.00471866
   738     0.27359743     0.00471792
   739     0.27315101     0.00471723
   740     0.27270616     0.00471658
   741     0.27226285     0.00471598
   742     0.27182109     0.00471544
   743     0.27138086     0.00471497
   744     0.27094214     0.00471455
   745     0.27050491     0.00471421
   746     0.27006917     0.00471395
   747     0.26963492     0.00471376
   748     0.26920211     0.00471365
   749     0.26877077     0.00471363
   750     0.26834087     0.00471369
   751     0.26791239     0.00471385
   752     0.26748535     0.00471410
   753     0.26705970     0.00471445
   754     0.26663547     0.00471490
   755     0.26621263     0.00471545
   756     0.26579116     0.00471610
   757     0.26537107     0.00471686
   758     0.26495237     0.00471773
   759     0.26453503     0.00471871
   760     0.26411904     0.00471979
   761     0.26370440     0.00472099
   762     0.26329113     0.00472230
   763     0.26287918     0.00472372
   764     0.26246859     0.00472526
   765     0.26205932     0.00472691
   766     0.26165140     0.00472867
   767     0.26124480     0.00473055
   768     0.26083953     0.00473253
   769     0.26043561     0.00473463
   770     0.26003299     0.00473683
   771     0.25963172     0.00473915
   772     0.25923177     0.00474157
   773     0.25883316     0.00474409
   774     0.25843587     0.00474672
   775     0.25803992     0.00474945
   776     0.25764530     0.00475228
   777     0.25725203     0.00475520
   778     0.25686010     0.00475821
   779     0.25646952     0.00476131
   780     0.25608028     0.00476450
   781     0.25569241     0.00476777
   782     0.25530589     0.00477112
   783     0.25492075     0.00477455
   784     0.25453699     0.00477804
   785     0.25415459     0.00478161
   786     0.25377359     0.00478523
   787     0.25339400     0.00478891
   788     0.25301579     0.00479265
   789     0.25263900     0.00479644
   790     0.25226365     0.00480027
   791     0.25188970     0.00480413
   792     0.25151719     0.00480804
   793     0.25114614     0.00481197
   794     0.25077654     0.00481593
   795     0.25040841     0.00481990
   796     0.25004176     0.00482389
   797     0.24967658     0.00482789
   798     0.24931291     0.00483188
   799     0.24895072     0.00483588
   800     0.24859007     0.00483987
   801     0.24823093     0.00484385
   802     0.24787333     0.00484780
   803     0.24751728     0.00485173
   804     0.24716278     0.00485564
   805     0.24680984     0.00485950
   806     0.24645848     0.00486333
   807     0.24610870     0.00486712
   808     0.24576052     0.00487085
   809     0.24541393     0.00487453
   810     0.24506897     0.00487815
   811     0.24472561     0.00488170
   812     0.24438389     0.00488519
   813     0.24404381     0.00488860
   814     0.24370537     0.00489194
   815     0.24336859     0.00489519
   816     0.24303346     0.00489836
   817     0.24269999     0.00490144
   818     0.24236820     0.00490443
   819     0.24203809     0.00490732
   820     0.24170964     0.00491011
   821     0.24138289     0.00491280
   822     0.24105784     0.00491538
   823     0.24073448     0.00491786
   824     0.24041281     0.00492023
   825     0.24009284     0.00492249
   826     0.23977457     0.00492464
   827     0.23945801     0.00492667
   828     0.23914313     0.00492859
   829     0.23882996     0.00493039
   830     0.23851851     0.00493207
   831     0.23820873     0.00493364
   832     0.23790065     0.00493509
   833     0.23759427     0.00493643
   834     0.23728956     0.00493764
   835     0.23698655     0.00493874
   836     0.23668520     0.00493973
   837     0.23638553     0.00494060
   838     0.23608751     0.00494136
   839     0.23579114     0.00494201
   840     0.23549642     0.00494255
   841     0.23520333     0.00494298
   842     0.23491186     0.00494331
   843     0.23462200     0.00494353
   844     0.23433375     0.00494366
   845     0.23404708     0.00494369
   846     0.23376197     0.00494362
   847     0.23347843     0.00494346
   848     0.23319643     0.00494321
   849     0.23291595     0.00494288
   850     0.23263698     0.00494247
   851     0.23235950     0.00494198
   852     0.23208347     0.00494141
   853     0.23180891     0.00494077
   854     0.23153578     0.00494007
   855     0.23126406     0.00493930
   856     0.23099372     0.00493848
   857     0.23072475     0.00493759
   858     0.23045713     0.00493666
   859     0.23019083     0.00493567
   860     0.22992582     0.00493464
   861     0.22966210     0.00493357
   862     0.22939961     0.00493247
   863     0.22913834     0.00493133
   864     0.22887828     0.00493016
   865     0.22861938     0.00492896
   866     0.22836163     0.00492774
   867     0.22810500     0.00492650
   868     0.22784945     0.00492524
   869     0.22759497     0.00492397
   870     0.22734152     0.00492269
   871     0.22708907     0.00492140
   872     0.22683761     0.00492010
   873     0.22658709     0.00491880
   874     0.22633749     0.00491750
   875     0.22608878     0.00491621
   876     0.22584095     0.00491491
   877     0.22559393     0.00491362
   878     0.22534773     0.00491234
   879     0.22510231     0.00491107
   880     0.22485763     0.00490981
   881     0.22461367     0.00490857
   882     0.22437040     0.00490733
   883     0.22412780     0.00490611
   884     0.22388584     0.00490491
   885     0.22364447     0.00490372
   886     0.22340369     0.00490255
   887     0.22316348     0.00490140
   888     0.22292379     0.00490026
   889     0.22268460     0.00489914
   890     0.22244588     0.00489804
   891     0.22220761     0.00489696
   892     0.22196978     0.00489590
   893     0.22173235     0.00489486
   894     0.22149529     0.00489383
   895     0.22125859     0.00489282
   896     0.22102222     0.00489183
   897     0.22078616     0.00489085
   898     0.22055041     0.00488990
   899     0.22031490     0.00488895
   900     0.22007966     0.00488803
   901     0.21984465     0.00488711
   902     0.21960984     0.00488621
   903     0.21937524     0.00488532
   904     0.21914081     0.00488445
   905     0.21890655     0.00488358
   906     0.21867243     0.00488273
   907     0.21843844     0.00488188
   908     0.21820457     0.00488104
   909     0.21797080     0.00488022
   910     0.21773714     0.00487939
   911     0.21750356     0.00487858
   912     0.21727004     0.00487777
   913     0.21703659     0.00487696
   914     0.21680319     0.00487616
   915     0.21656984     0.00487536
   916     0.21633653     0.00487457
   917     0.21610324     0.00487377
   918     0.21586998     0.00487298
   919     0.21563674     0.00487219
   920     0.21540353     0.00487141
   921     0.21517032     0.00487062
   922     0.21493712     0.00486983
   923     0.21470393     0.00486905
   924     0.21447075     0.00486826
   925     0.21423758     0.00486748
   926     0.21400441     0.00486669
   927     0.21377125     0.00486591
   928     0.21353811     0.00486513
   929     0.21330497     0.00486435
   930     0.21307185     0.00486357
   931     0.21283875     0.00486279
   932     0.21260567     0.00486202
   933     0.21237262     0.00486125
   934     0.21213958     0.00486048
   935     0.21190660     0.00485972
   936     0.21167365     0.00485897
   937     0.21144074     0.00485822
   938     0.21120790     0.00485748
   939     0.21097511     0.00485675
   940     0.21074239     0.00485603
   941     0.21050974     0.00485532
   942     0.21027719     0.00485463
   943     0.21004472     0.00485395
   944     0.20981235     0.00485328
   945     0.20958009     0.00485262
   946     0.20934793     0.00485199
   947     0.20911591     0.00485137
   948     0.20888401     0.00485078
   949     0.20865226     0.00485020
   950     0.20842067     0.00484964
   951     0.20818922     0.00484911
   952     0.20795794     0.00484861
   953     0.20772684     0.00484813
   954     0.20749592     0.00484768
   955     0.20726519     0.00484725
   956     0.20703467     0.00484686
   957     0.20680435     0.00484649
   958     0.20657424     0.00484616
   959     0.20634436     0.00484586
   960     0.20611471     0.00484559
   961     0.20588529     0.00484536
   962     0.20565611     0.00484516
   963     0.20542719     0.00484500
   964     0.20519851     0.00484487
   965     0.20497010     0.00484478
   966     0.20474196     0.00484473
   967     0.20451407     0.00484471
   968     0.20428647     0.00484474
   969     0.20405916     0.00484480
   970     0.20383211     0.00484490
   971     0.20360533     0.00484504
   972     0.20337887     0.00484522
   973     0.20315268     0.00484543
   974     0.20292677     0.00484569
   975     0.20270117     0.00484598
   976     0.20247586     0.00484632
   977     0.20225082     0.00484669
   978     0.20202608     0.00484710
   979     0.20180163     0.00484755
   980     0.20157746     0.00484804
   981     0.20135358     0.00484857
   982     0.20112998     0.00484914
   983     0.20090665     0.00484974
   984     0.20068360     0.00485038
   985     0.20046083     0.00485106
   986     0.20023831     0.00485178
   987     0.20001605     0.00485253
   988     0.19979406     0.00485332
   989     0.19957229     0.00485415
   990     0.19935078     0.00485502
   991     0.19912949     0.00485592
   992     0.19890842     0.00485686
   993     0.19868758     0.00485784
   994     0.19846694     0.00485886
   995     0.19824651     0.00485991
   996     0.19802625     0.00486100
   997     0.19780619     0.00486213
   998     0.19758629     0.00486330
   999     0.19736655     0.00486451
  1000     0.19714695     0.00486576
  1001     0.19692749     0.00486704
  1002     0.19670815     0.00486837
  1003     0.19648892     0.00486974
  1004     0.19626980     0.00487114
  1005     0.19605075     0.00487259
  1006     0.19583180     0.00487409
  1007     0.19561290     0.00487562
  1008     0.19539404     0.00487720
  1009     0.19517523     0.00487882
  1010     0.19495643     0.00488049
  1011     0.19473765     0.00488220
  1012     0.19451887     0.00488395
  1013     0.19430005     0.00488576
  1014     0.19408123     0.00488761
  1015     0.19386234     0.00488950
  1016     0.19364340     0.00489144
  1017     0.19342438     0.00489343
  1018     0.19320528     0.00489547
  1019     0.19298609     0.00489756
  1020     0.19276678     0.00489969
  1021     0.19254734     0.00490187
  1022     0.19232775     0.00490409
  1023     0.19210802     0.00490637
  1024     0.19188813     0.00490868
  1025     0.19166805     0.00491105
  1026     0.19144777     0.00491346
  1027     0.19122730     0.00491591
  1028     0.19100660     0.00491841
  1029     0.19078569     0.00492094
  1030     0.19056452     0.00492352
  1031     0.19034310     0.00492614
  1032     0.19012142     0.00492879
  1033     0.18989946     0.00493148
  1034     0.18967723     0.00493420
  1035     0.18945467     0.00493696
  1036     0.18923183     0.00493974
  1037     0.18900867     0.00494255
  1038     0.18878517     0.00494538
  1039     0.18856135     0.00494824
  1040     0.18833717     0.00495112
  1041     0.18811264     0.00495401
  1042     0.18788775     0.00495692
  1043     0.18766248     0.00495984
  1044     0.18743685     0.00496276
  1045     0.18721082     0.00496569
  1046     0.18698440     0.00496862
  1047     0.18675758     0.00497155
  1048     0.18653036     0.00497448
  1049     0.18630272     0.00497739
  1050     0.18607468     0.00498029
  1051     0.18584620     0.00498318
  1052     0.18561731     0.00498604
  1053     0.18538797     0.00498889
  1054     0.18515822     0.00499170
  1055     0.18492801     0.00499449
  1056     0.18469735     0.00499724
  1057     0.18446626     0.00499996
  1058     0.18423473     0.00500263
  1059     0.18400274     0.00500526
  1060     0.18377029     0.00500785
  1061     0.18353739     0.00501038
  1062     0.18330403     0.00501286
  1063     0.18307021     0.00501528
  1064     0.18283594     0.00501765
  1065     0.18260121     0.00501995
  1066     0.18236601     0.00502218
  1067     0.18213036     0.00502435
  1068     0.18189424     0.00502645
  1069     0.18165767     0.00502847
  1070     0.18142062     0.00503042
  1071     0.18118313     0.00503229
  1072     0.18094517     0.00503409
  1073     0.18070677     0.00503580
  1074     0.18046789     0.00503743
  1075     0.18022857     0.00503897
  1076     0.17998880     0.00504043
  1077     0.17974858     0.00504180
  1078     0.17950790     0.00504308
  1079     0.17926677     0.00504427
  1080     0.17902520     0.00504538
  1081     0.17878318     0.00504639
  1082     0.17854072     0.00504731
  1083     0.17829783     0.00504815
  1084     0.17805451     0.00504889
  1085     0.17781073     0.00504953
  1086     0.17756654     0.00505009
  1087     0.17732192     0.00505056
  1088     0.17707686     0.00505093
  1089     0.17683139     0.00505122
  1090     0.17658548     0.00505142
  1091     0.17633917     0.00505153
  1092     0.17609243     0.00505156
  1093     0.17584530     0.00505149
  1094     0.17559774     0.00505135
  1095     0.17534978     0.00505112
  1096     0.17510142     0.00505081
  1097     0.17485265     0.00505042
  1098     0.17460347     0.00504995
  1099     0.17435391     0.00504941
  1100     0.17410395     0.00504880
  1101     0.17385360     0.00504811
  1102     0.17360286     0.00504735
  1103     0.17335174     0.00504653
  1104     0.17310023     0.00504564
  1105     0.17284833     0.00504469
  1106     0.17259606     0.00504369
  1107     0.17234342     0.00504262
  1108     0.17209038     0.00504150
  1109     0.17183700     0.00504033
  1110     0.17158322     0.00503911
  1111     0.17132909     0.00503784
  1112     0.17107460     0.00503653
  1113     0.17081972     0.00503518
  1114     0.17056450     0.00503380
  1115     0.17030891     0.00503237
  1116     0.17005296     0.00503092
  1117     0.16979665     0.00502944
  1118     0.16953999     0.00502793
  1119     0.16928297     0.00502640
  1120     0.16902562     0.00502484
  1121     0.16876789     0.00502327
  1122     0.16850984     0.00502169
  1123     0.16825141     0.00502009
  1124     0.16799267     0.00501849
  1125     0.16773356     0.00501688
  1126     0.16747411     0.00501526
  1127     0.16721433     0.00501365
  1128     0.16695421     0.00501203
  1129     0.16669375     0.00501042
  1130     0.16643296     0.00500882
  1131     0.16617183     0.00500723
  1132     0.16591036     0.00500565
  1133     0.16564857     0.00500409
  1134     0.16538644     0.00500254
  1135     0.16512400     0.00500102
  1136     0.16486122     0.00499952
  1137     0.16459811     0.00499804
  1138     0.16433469     0.00499659
  1139     0.16407095     0.00499517
  1140     0.16380689     0.00499378
  1141     0.16354251     0.00499243
  1142     0.16327782     0.00499112
  1143     0.16301281     0.00498984
  1144     0.16274749     0.00498861
  1145     0.16248188     0.00498742
  1146     0.16221595     0.00498627
  1147     0.16194972     0.00498518
  1148     0.16168319     0.00498414
  1149     0.16141637     0.00498315
  1150     0.16114924     0.00498221
  1151     0.16088183     0.00498133
  1152     0.16061413     0.00498052
  1153     0.16034614     0.00497976
  1154     0.16007786     0.00497907
  1155     0.15980932     0.00497845
  1156     0.15954049     0.00497789
  1157     0.15927139     0.00497740
  1158     0.15900202     0.00497699
  1159     0.15873239     0.00497665
  1160     0.15846249     0.00497639
  1161     0.15819233     0.00497621
  1162     0.15792193     0.00497611
  1163     0.15765127     0.00497609
  1164     0.15738038     0.00497615
  1165     0.15710923     0.00497630
  1166     0.15683785     0.00497654
  1167     0.15656624     0.00497687
  1168     0.15629441     0.00497729
  1169     0.15602234     0.00497781
  1170     0.15575007     0.00497842
  1171     0.15547758     0.00497912
  1172     0.15520488     0.00497992
  1173     0.15493198     0.00498082
  1174     0.15465889     0.00498183
  1175     0.15438560     0.00498293
  1176     0.15411212     0.00498413
  1177     0.15383846     0.00498544
  1178     0.15356464     0.00498685
  1179     0.15329063     0.00498837
  1180     0.15301647     0.00498999
  1181     0.15274214     0.00499171
  1182     0.15246766     0.00499355
  1183     0.15219304     0.00499549
  1184     0.15191827     0.00499753
  1185     0.15164337     0.00499968
  1186     0.15136834     0.00500194
  1187     0.15109320     0.00500430
  1188     0.15081792     0.00500677
  1189     0.15054254     0.00500934
  1190     0.15026706     0.00501201
  1191     0.14999147     0.00501479
  1192     0.14971578     0.00501767
  1193     0.14944002     0.00502065
  1194     0.14916417     0.00502373
  1195     0.14888825     0.00502691
  1196     0.14861226     0.00503018
  1197     0.14833619     0.00503355
  1198     0.14806008     0.00503702
  1199     0.14778391     0.00504057
  1200     0.14750770     0.00504422
  1201     0.14723144     0.00504795
  1202     0.14695515     0.00505176
  1203     0.14667884     0.00505566
  1204     0.14640249     0.00505964
  1205     0.14612614     0.00506370
  1206     0.14584977     0.00506783
  1207     0.14557339     0.00507203
  1208     0.14529701     0.00507631
  1209     0.14502063     0.00508065
  1210     0.14474426     0.00508505
  1211     0.14446791     0.00508952
  1212     0.14419157     0.00509404
  1213     0.14391526     0.00509862
  1214     0.14363897     0.00510325
  1215     0.14336272     0.00510793
  1216     0.14308650     0.00511265
  1217     0.14281032     0.00511742
  1218     0.14253419     0.00512222
  1219     0.14225811     0.00512706
  1220     0.14198209     0.00513193
  1221     0.14170612     0.00513683
  1222     0.14143021     0.00514176
  1223     0.14115437     0.00514670
  1224     0.14087859     0.00515167
  1225     0.14060289     0.00515665
  1226     0.14032726     0.00516164
  1227     0.14005172     0.00516664
  1228     0.13977625     0.00517165
  1229     0.13950087     0.00517666
  1230     0.13922557     0.00518167
  1231     0.13895037     0.00518667
  1232     0.13867526     0.00519167
  1233     0.13840024     0.00519665
  1234     0.13812533     0.00520163
  1235     0.13785051     0.00520658
  1236     0.13757579     0.00521152
  1237     0.13730117     0.00521644
  1238     0.13702667     0.00522133
  1239     0.13675226     0.00522620
  1240     0.13647797     0.00523103
  1241     0.13620379     0.00523584
  1242     0.13592972     0.00524061
  1243     0.13565576     0.00524534
  1244     0.13538191     0.00525004
  1245     0.13510818     0.00525469
  1246     0.13483457     0.00525931
  1247     0.13456107     0.00526388
  1248     0.13428769     0.00526840
  1249     0.13401443     0.00527288
  1250     0.13374128     0.00527731
  1251     0.13346826     0.00528169
  1252     0.13319535     0.00528602
  1253     0.13292257     0.00529029
  1254     0.13264990     0.00529452
  1255     0.13237735     0.00529869
  1256     0.13210492     0.00530280
  1257     0.13183261     0.00530686
  1258     0.13156042     0.00531087
  1259     0.13128834     0.00531482
  1260     0.13101639     0.00531871
  1261     0.13074455     0.00532255
  1262     0.13047283     0.00532633
  1263     0.13020123     0.00533005
  1264     0.12992975     0.00533372
  1265     0.12965837     0.00533733
  1266     0.12938712     0.00534088
  1267     0.12911597     0.00534438
  1268     0.12884494     0.00534782
  1269     0.12857402     0.00535121
  1270     0.12830321     0.00535454
  1271     0.12803251     0.00535781
  1272     0.12776192     0.00536104
  1273     0.12749143     0.00536421
  1274     0.12722105     0.00536732
  1275     0.12695077     0.00537038
  1276     0.12668060     0.00537339
  1277     0.12641052     0.00537635
  1278     0.12614055     0.00537926
  1279     0.12587067     0.00538212
  1280     0.12560089     0.00538492
  1281     0.12533120     0.00538768
  1282     0.12506161     0.00539038
  1283     0.12479211     0.00539304
  1284     0.12452269     0.00539565
  1285     0.12425336     0.00539821
  1286     0.12398412     0.00540073
  1287     0.12371496     0.00540320
  1288     0.12344588     0.00540562
  1289     0.12317687     0.00540799
  1290     0.12290795     0.00541032
  1291     0.12263909     0.00541260
  1292     0.12237031     0.00541483
  1293     0.12210159     0.00541702
  1294     0.12183295     0.00541916
  1295     0.12156436     0.00542126
  1296     0.12129584     0.00542331
  1297     0.12102737     0.00542532
  1298     0.12075896     0.00542728
  1299     0.12049060     0.00542919
  1300     0.12022229     0.00543107
  1301     0.11995403     0.00543289
  1302     0.11968581     0.00543468
  1303     0.11941764     0.00543642
  1304     0.11914950     0.00543811
  1305     0.11888139     0.00543976
  1306     0.11861332     0.00544137
  1307     0.11834528     0.00544294
  1308     0.11807725     0.00544446
  1309     0.11780926     0.00544594
  1310     0.11754127     0.00544738
  1311     0.11727331     0.00544878
  1312     0.11700535     0.00545014
  1313     0.11673740     0.00545146
  1314     0.11646945     0.00545275
  1315     0.11620151     0.00545400
  1316     0.11593356     0.00545521
  1317     0.11566560     0.00545639
  1318     0.11539763     0.00545753
  1319     0.11512965     0.00545865
  1320     0.11486165     0.00545973
  1321     0.11459362     0.00546079
  1322     0.11432557     0.00546182
  1323     0.11405749     0.00546283
  1324     0.11378937     0.00546382
  1325     0.11352122     0.00546478
  1326     0.11325302     0.00546574
  1327     0.11298478     0.00546667
  1328     0.11271648     0.00546760
  1329     0.11244813     0.00546852
  1330     0.11217973     0.00546943
  1331     0.11191126     0.00547034
  1332     0.11164273     0.00547125
  1333     0.11137413     0.00547217
  1334     0.11110546     0.00547309
  1335     0.11083671     0.00547402
  1336     0.11056788     0.00547497
  1337     0.11029896     0.00547594
  1338     0.11002996     0.00547693
  1339     0.10976087     0.00547795
  1340     0.10949169     0.00547899
  1341     0.10922241     0.00548008
  1342     0.10895303     0.00548120
  1343     0.10868355     0.00548236
  1344     0.10841396     0.00548357
  1345     0.10814427     0.00548484
  1346     0.10787446     0.00548616
  1347     0.10760455     0.00548754
  1348     0.10733451     0.00548898
  1349     0.10706436     0.00549049
  1350     0.10679410     0.00549208
  1351     0.10652371     0.00549374
  1352     0.10625320     0.00549548
  1353     0.10598257     0.00549731
  1354     0.10571182     0.00549923
  1355     0.10544094     0.00550124
  1356     0.10516993     0.00550335
  1357     0.10489880     0.00550556
  1358     0.10462755     0.00550788
  1359     0.10435617     0.00551030
  1360     0.10408467     0.00551284
  1361     0.10381304     0.00551548
  1362     0.10354129     0.00551825
  1363     0.10326942     0.00552114
  1364     0.10299743     0.00552414
  1365     0.10272532     0.00552728
  1366     0.10245310     0.00553054
  1367     0.10218077     0.00553392
  1368     0.10190832     0.00553744
  1369     0.10163577     0.00554109
  1370     0.10136312     0.00554487
  1371     0.10109037     0.00554879
  1372     0.10081752     0.00555284
  1373     0.10054459     0.00555702
  1374     0.10027157     0.00556134
  1375     0.09999847     0.00556578
  1376     0.09972530     0.00557037
  1377     0.09945206     0.00557508
  1378     0.09917876     0.00557992
  1379     0.09890541     0.00558489
  1380     0.09863201     0.00558999
  1381     0.09835857     0.00559521
  1382     0.09808510     0.00560056
  1383     0.09781160     0.00560602
  1384     0.09753810     0.00561160
  1385     0.09726458     0.00561729
  1386     0.09699108     0.00562309
  1387     0.09671758     0.00562899
  1388     0.09644411     0.00563500
  1389     0.09617067     0.00564110
  1390     0.09589728     0.00564730
  1391     0.09562395     0.00565359
  1392     0.09535068     0.00565995
  1393     0.09507749     0.00566640
  1394     0.09480440     0.00567292
  1395     0.09453140     0.00567951
  1396     0.09425853     0.00568616
  1397     0.09398578     0.00569287
  1398     0.09371317     0.00569964
  1399     0.09344073     0.00570645
  1400     0.09316845     0.00571331
  1401     0.09289635     0.00572020
  1402     0.09262445     0.00572713
  1403     0.09235276     0.00573408
  1404     0.09208130     0.00574106
  1405     0.09181009     0.00574805
  1406     0.09153912     0.00575507
  1407     0.09126843     0.00576208
  1408     0.09099802     0.00576911
  1409     0.09072792     0.00577614
  1410     0.09045813     0.00578316
  1411     0.09018868     0.00579018
  1412     0.08991958     0.00579719
  1413     0.08965083     0.00580419
  1414     0.08938247     0.00581117
  1415     0.08911450     0.00581814
  1416     0.08884695     0.00582509
  1417     0.08857981     0.00583202
  1418     0.08831313     0.00583892
  1419     0.08804689     0.00584580
  1420     0.08778114     0.00585266
  1421     0.08751587     0.00585950
  1422     0.08725110     0.00586631
  1423     0.08698685     0.00587310
  1424     0.08672314     0.00587986
  1425     0.08645997     0.00588660
  1426     0.08619737     0.00589333
  1427     0.08593535     0.00590003
  1428     0.08567391     0.00590672
  1429     0.08541309     0.00591339
  1430     0.08515288     0.00592005
  1431     0.08489330     0.00592671
  1432     0.08463437     0.00593336
  1433     0.08437610     0.00594000
  1434     0.08411850     0.00594666
  1435     0.08386158     0.00595331
  1436     0.08360536     0.00595998
  1437     0.08334984     0.00596667
  1438     0.08309504     0.00597338
  1439     0.08284097     0.00598011
  1440     0.08258764     0.00598688
  1441     0.08233505     0.00599368
  1442     0.08208321     0.00600053
  1443     0.08183215     0.00600743
  1444     0.08158185     0.00601438
  1445     0.08133234     0.00602139
  1446     0.08108361     0.00602848
  1447     0.08083568     0.00603563
  1448     0.08058855     0.00604287
  1449     0.08034222     0.00605019
  1450     0.08009671     0.00605760
  1451     0.07985201     0.00606511
  1452     0.07960813     0.00607273
  1453     0.07936508     0.00608046
  1454     0.07912285     0.00608830
  1455     0.07888145     0.00609627
  1456     0.07864088     0.00610436
  1457     0.07840114     0.00611259
  1458     0.07816223     0.00612096
  1459     0.07792415     0.00612946
  1460     0.07768690     0.00613812
  1461     0.07745049     0.00614693
  1462     0.07721489     0.00615589
  1463     0.07698013     0.00616501
  1464     0.07674619     0.00617429
  1465     0.07651306     0.00618373
  1466     0.07628075     0.00619335
  1467     0.07604925     0.00620313
  1468     0.07581855     0.00621308
  1469     0.07558865     0.00622320
  1470     0.07535955     0.00623349
  1471     0.07513123     0.00624395
  1472     0.07490368     0.00625458
  1473     0.07467691     0.00626537
  1474     0.07445090     0.00627634
  1475     0.07422564     0.00628746
  1476     0.07400112     0.00629875
  1477     0.07377734     0.00631020
  1478     0.07355429     0.00632179
  1479     0.07333194     0.00633354
  1480     0.07311030     0.00634543
  1481     0.07288934     0.00635746
  1482     0.07266906     0.00636961
  1483     0.07244945     0.00638190
  1484     0.07223050     0.00639430
  1485     0.07201218     0.00640681
  1486     0.07179449     0.00641942
  1487     0.07157741     0.00643212
  1488     0.07136093     0.00644491
  1489     0.07114504     0.00645778
  1490     0.07092971     0.00647072
  1491     0.07071495     0.00648371
  1492     0.07050072     0.00649675
  1493     0.07028702     0.00650983
  1494     0.07007383     0.00652294
  1495     0.06986114     0.00653607
  1496     0.06964893     0.00654921
  1497     0.06943719     0.00656235
  1498     0.06922589     0.00657549
  1499     0.06901503     0.00658860
  1500     0.06880458     0.00660170
  1501     0.06859454     0.00661475
  1502     0.06838488     0.00662777
  1503     0.06817560     0.00664073
  1504     0.06796667     0.00665364
  1505     0.06775808     0.00666649
  1506     0.06754982     0.00667926
  1507     0.06734186     0.00669196
  1508     0.06713420     0.00670458
  1509     0.06692682     0.00671712
  1510     0.06671971     0.00672957
  1511     0.06651284     0.00674192
  1512     0.06630620     0.00675419
  1513     0.06609979     0.00676636
  1514     0.06589359     0.00677844
  1515     0.06568757     0.00679043
  1516     0.06548174     0.00680232
  1517     0.06527607     0.00681413
  1518     0.06507056     0.00682585
  1519     0.06486518     0.00683748
  1520     0.06465993     0.00684904
  1521     0.06445480     0.00686052
  1522     0.06424978     0.00687193
  1523     0.06404484     0.00688329
  1524     0.06383999     0.00689459
  1525     0.06363521     0.00690584
  1526     0.06343049     0.00691706
  1527     0.06322582     0.00692825
  1528     0.06302120     0.00693942
  1529     0.06281661     0.00695058
  1530     0.06261204     0.00696174
  1531     0.06240750     0.00697292
  1532     0.06220296     0.00698412
  1533     0.06199843     0.00699535
  1534     0.06179389     0.00700662
  1535     0.06158934     0.00701796
  1536     0.06138478     0.00702936
  1537     0.06118019     0.00704083
  1538     0.06097558     0.00705240
  1539     0.06077094     0.00706407
  1540     0.06056627     0.00707584
  1541     0.06036156     0.00708773
  1542     0.06015681     0.00709976
  1543     0.05995202     0.00711192
  1544     0.05974719     0.00712423
  1545     0.05954231     0.00713669
  1546     0.05933738     0.00714931
  1547     0.05913241     0.00716211
  1548     0.05892739     0.00717507
  1549     0.05872232     0.00718821
  1550     0.05851722     0.00720154
  1551     0.05831206     0.00721506
  1552     0.05810686     0.00722876
  1553     0.05790162     0.00724266
  1554     0.05769635     0.00725675
  1555     0.05749104     0.00727103
  1556     0.05728570     0.00728550
  1557     0.05708033     0.00730017
  1558     0.05687494     0.00731503
  1559     0.05666953     0.00733007
  1560     0.05646410     0.00734530
  1561     0.05625867     0.00736072
  1562     0.05605323     0.00737630
  1563     0.05584780     0.00739206
  1564     0.05564238     0.00740799
  1565     0.05543697     0.00742408
  1566     0.05523159     0.00744032
  1567     0.05502623     0.00745672
  1568     0.05482092     0.00747325
  1569     0.05461565     0.00748992
  1570     0.05441043     0.00750672
  1571     0.05420527     0.00752365
  1572     0.05400019     0.00754068
  1573     0.05379518     0.00755783
  1574     0.05359027     0.00757508
  1575     0.05338545     0.00759242
  1576     0.05318073     0.00760986
  1577     0.05297613     0.00762738
  1578     0.05277166     0.00764498
  1579     0.05256732     0.00766265
  1580     0.05236313     0.00768040
  1581     0.05215909     0.00769821
  1582     0.05195522     0.00771608
  1583     0.05175153     0.00773401
  1584     0.05154802     0.00775200
  1585     0.05134470     0.00777005
  1586     0.05114160     0.00778815
  1587     0.05093871     0.00780631
  1588     0.05073605     0.00782452
  1589     0.05053362     0.00784279
  1590     0.05033145     0.00786111
  1591     0.05012953     0.00787950
  1592     0.04992789     0.00789795
  1593     0.04972653     0.00791646
  1594     0.04952546     0.00793504
  1595     0.04932469     0.00795370
  1596     0.04912424     0.00797244
  1597     0.04892410     0.00799126
  1598     0.04872431     0.00801017
  1599     0.04852485     0.00802918
  1600     0.04832575     0.00804829
  1601     0.04812702     0.00806751
  1602     0.04792866     0.00808685
  1603     0.04773069     0.00810631
  1604     0.04753311     0.00812590
  1605     0.04733593     0.00814563
  1606     0.04713918     0.00816551
  1607     0.04694284     0.00818553
  1608     0.04674694     0.00820572
  1609     0.04655149     0.00822607
  1610     0.04635648     0.00824660
  1611     0.04616194     0.00826730
  1612     0.04596787     0.00828819
  1613     0.04577429     0.00830927
  1614     0.04558119     0.00833055
  1615     0.04538858     0.00835202
  1616     0.04519649     0.00837370
  1617     0.04500491     0.00839559
  1618     0.04481385     0.00841769
  1619     0.04462332     0.00844001
  1620     0.04443334     0.00846254
  1621     0.04424390     0.00848528
  1622     0.04405501     0.00850825
  1623     0.04386669     0.00853143
  1624     0.04367894     0.00855483
  1625     0.04349176     0.00857844
  1626     0.04330516     0.00860226
  1627     0.04311916     0.00862630
  1628     0.04293376     0.00865054
  1629     0.04274896     0.00867498
  1630     0.04256477     0.00869962
  1631     0.04238119     0.00872446
  1632     0.04219824     0.00874948
  1633     0.04201592     0.00877468
  1634     0.04183424     0.00880005
  1635     0.04165319     0.00882559
  1636     0.04147279     0.00885129
  1637     0.04129304     0.00887715
  1638     0.04111396     0.00890314
  1639     0.04093553     0.00892927
  1640     0.04075777     0.00895552
  1641     0.04058068     0.00898189
  1642     0.04040427     0.00900837
  1643     0.04022854     0.00903494
  1644     0.04005350     0.00906161
  1645     0.03987915     0.00908836
  1646     0.03970549     0.00911519
  1647     0.03953254     0.00914208
  1648     0.03936028     0.00916903
  1649     0.03918874     0.00919603
  1650     0.03901790     0.00922307
  1651     0.03884778     0.00925015
  1652     0.03867838     0.00927726
  1653     0.03850970     0.00930439
  1654     0.03834174     0.00933155
  1655     0.03817451     0.00935872
  1656     0.03800802     0.00938590
  1657     0.03784226     0.00941310
  1658     0.03767723     0.00944030
  1659     0.03751295     0.00946751
  1660     0.03734941     0.00949473
  1661     0.03718661     0.00952196
  1662     0.03702457     0.00954919
  1663     0.03686327     0.00957644
  1664     0.03670272     0.00960370
  1665     0.03654293     0.00963098
  1666     0.03638390     0.00965828
  1667     0.03622562     0.00968562
  1668     0.03606811     0.00971299
  1669     0.03591136     0.00974041
  1670     0.03575537     0.00976788
  1671     0.03560014     0.00979541
  1672     0.03544569     0.00982301
  1673     0.03529200     0.00985070
  1674     0.03513908     0.00987849
  1675     0.03498693     0.00990638
  1676     0.03483555     0.00993439
  1677     0.03468494     0.00996253
  1678     0.03453510     0.00999083
  1679     0.03438604     0.01001928
  1680     0.03423775     0.01004791
  1681     0.03409023     0.01007674
  1682     0.03394349     0.01010576
  1683     0.03379752     0.01013501
  1684     0.03365233     0.01016450
  1685     0.03350791     0.01019423
  1686     0.03336426     0.01022424
  1687     0.03322138     0.01025452
  1688     0.03307927     0.01028510
  1689     0.03293794     0.01031599
  1690     0.03279737     0.01034721
  1691     0.03265757     0.01037876
  1692     0.03251854     0.01041066
  1693     0.03238028     0.01044293
  1694     0.03224278     0.01047556
  1695     0.03210604     0.01050859
  1696     0.03197006     0.01054200
  1697     0.03183485     0.01057582
  1698     0.03170038     0.01061006
  1699     0.03156667     0.01064471
  1700     0.03143371     0.01067978
  1701     0.03130150     0.01071529
  1702     0.03117003     0.01075123
  1703     0.03103930     0.01078760
  1704     0.03090931     0.01082442
  1705     0.03078006     0.01086167
  1706     0.03065154     0.01089937
  1707     0.03052374     0.01093750
  1708     0.03039666     0.01097607
  1709     0.03027031     0.01101508
  1710     0.03014466     0.01105451
  1711     0.03001973     0.01109436
  1712     0.02989549     0.01113463
  1713     0.02977196     0.01117531
  1714     0.02964912     0.01121639
  1715     0.02952697     0.01125787
  1716     0.02940550     0.01129972
  1717     0.02928470     0.01134195
  1718     0.02916457     0.01138454
  1719     0.02904511     0.01142748
  1720     0.02892630     0.01147076
  1721     0.02880815     0.01151436
  1722     0.02869063     0.01155827
  1723     0.02857376     0.01160248
  1724     0.02845751     0.01164698
  1725     0.02834188     0.01169175
  1726     0.02822686     0.01173678
  1727     0.02811245     0.01178205
  1728     0.02799864     0.01182755
  1729     0.02788542     0.01187327
  1730     0.02777278     0.01191919
  1731     0.02766071     0.01196531
  1732     0.02754921     0.01201160
  1733     0.02743825     0.01205806
  1734     0.02732785     0.01210467
  1735     0.02721798     0.01215143
  1736     0.02710864     0.01219832
  1737     0.02699982     0.01224532
  1738     0.02689151     0.01229245
  1739     0.02678370     0.01233967
  1740     0.02667638     0.01238699
  1741     0.02656953     0.01243440
  1742     0.02646316     0.01248189
  1743     0.02635725     0.01252946
  1744     0.02625178     0.01257710
  1745     0.02614676     0.01262481
  1746     0.02604217     0.01267258
  1747     0.02593800     0.01272041
  1748     0.02583424     0.01276831
  1749     0.02573087     0.01281626
  1750     0.02562790     0.01286428
  1751     0.02552530     0.01291236
  1752     0.02542307     0.01296051
  1753     0.02532121     0.01300873
  1754     0.02521969     0.01305702
  1755     0.02511850     0.01310539
  1756     0.02501765     0.01315385
  1757     0.02491711     0.01320240
  1758     0.02481688     0.01325105
  1759     0.02471695     0.01329981
  1760     0.02461730     0.01334869
  1761     0.02451794     0.01339770
  1762     0.02441884     0.01344685
  1763     0.02432000     0.01349615
  1764     0.02422141     0.01354562
  1765     0.02412306     0.01359527
  1766     0.02402494     0.01364512
  1767     0.02392705     0.01369517
  1768     0.02382936     0.01374544
  1769     0.02373188     0.01379596
  1770     0.02363460     0.01384673
  1771     0.02353750     0.01389777
  1772     0.02344058     0.01394910
  1773     0.02334384     0.01400074
  1774     0.02324726     0.01405271
  1775     0.02315083     0.01410502
  1776     0.02305456     0.01415769
  1777     0.02295842     0.01421074
  1778     0.02286243     0.01426419
  1779     0.02276656     0.01431806
  1780     0.02267081     0.01437237
  1781     0.02257518     0.01442713
  1782     0.02247967     0.01448236
  1783     0.02238426     0.01453809
  1784     0.02228895     0.01459433
  1785     0.02219373     0.01465111
  1786     0.02209861     0.01470843
  1787     0.02200358     0.01476631
  1788     0.02190863     0.01482478
  1789     0.02181377     0.01488385
  1790     0.02171898     0.01494354
  1791     0.02162426     0.01500385
  1792     0.02152962     0.01506482
  1793     0.02143505     0.01512645
  1794     0.02134054     0.01518875
  1795     0.02124610     0.01525174
  1796     0.02115173     0.01531543
  1797     0.02105742     0.01537984
  1798     0.02096318     0.01544497
  1799     0.02086900     0.01551083
  1800     0.02077488     0.01557743
  1801     0.02068083     0.01564479
  1802     0.02058684     0.01571290
  1803     0.02049292     0.01578177
  1804     0.02039907     0.01585141
  1805     0.02030529     0.01592182
  1806     0.02021157     0.01599300
  1807     0.02011793     0.01606495
  1808     0.02002437     0.01613768
  1809     0.01993088     0.01621118
  1810     0.01983748     0.01628545
  1811     0.01974416     0.01636049
  1812     0.01965093     0.01643629
  1813     0.01955780     0.01651285
  1814     0.01946476     0.01659016
  1815     0.01937182     0.01666821
  1816     0.01927899     0.01674700
  1817     0.01918627     0.01682651
  1818     0.01909366     0.01690674
  1819     0.01900118     0.01698766
  1820     0.01890882     0.01706928
  1821     0.01881660     0.01715157
  1822     0.01872451     0.01723452
  1823     0.01863257     0.01731812
  1824     0.01854077     0.01740234
  1825     0.01844914     0.01748719
  1826     0.01835767     0.01757262
  1827     0.01826636     0.01765864
  1828     0.01817524     0.01774522
  1829     0.01808429     0.01783234
  1830     0.01799353     0.01791999
  1831     0.01790298     0.01800814
  1832     0.01781262     0.01809678
  1833     0.01772247     0.01818589
  1834     0.01763255     0.01827545
  1835     0.01754284     0.01836544
  1836     0.01745337     0.01845584
  1837     0.01736413     0.01854665
  1838     0.01727514     0.01863783
  1839     0.01718640     0.01872938
  1840     0.01709792     0.01882128
  1841     0.01700970     0.01891352
  1842     0.01692176     0.01900607
  1843     0.01683409     0.01909893
  1844     0.01674671     0.01919210
  1845     0.01665963     0.01928554
  1846     0.01657284     0.01937927
  1847     0.01648635     0.01947327
  1848     0.01640017     0.01956753
  1849     0.01631431     0.01966206
  1850     0.01622877     0.01975685
  1851     0.01614356     0.01985189
  1852     0.01605868     0.01994720
  1853     0.01597414     0.02004277
  1854     0.01588994     0.02013861
  1855     0.01580609     0.02023473
  1856     0.01572260     0.02033114
  1857     0.01563945     0.02042784
  1858     0.01555667     0.02052486
  1859     0.01547426     0.02062220
  1860     0.01539221     0.02071989
  1861     0.01531054     0.02081794
  1862     0.01522924     0.02091639
  1863     0.01514832     0.02101525
  1864     0.01506778     0.02111454
  1865     0.01498762     0.02121431
  1866     0.01490785     0.02131457
  1867     0.01482846     0.02141536
  1868     0.01474947     0.02151671
  1869     0.01467087     0.02161866
  1870     0.01459266     0.02172125
  1871     0.01451484     0.02182451
  1872     0.01443741     0.02192848
  1873     0.01436038     0.02203321
  1874     0.01428375     0.02213873
  1875     0.01420750     0.02224508
  1876     0.01413165     0.02235231
  1877     0.01405620     0.02246046
  1878     0.01398114     0.02256958
  1879     0.01390646     0.02267970
  1880     0.01383218     0.02279087
  1881     0.01375829     0.02290313
  1882     0.01368478     0.02301652
  1883     0.01361166     0.02313108
  1884     0.01353892     0.02324685
  1885     0.01346656     0.02336386
  1886     0.01339458     0.02348216
  1887     0.01332297     0.02360178
  1888     0.01325173     0.02372274
  1889     0.01318086     0.02384508
  1890     0.01311035     0.02396883
  1891     0.01304021     0.02409400
  1892     0.01297042     0.02422062
  1893     0.01290099     0.02434872
  1894     0.01283190     0.02447830
  1895     0.01276316     0.02460938
  1896     0.01269477     0.02474197
  1897     0.01262670     0.02487608
  1898     0.01255897     0.02501170
  1899     0.01249157     0.02514884
  1900     0.01242449     0.02528749
  1901     0.01235773     0.02542765
  1902     0.01229128     0.02556931
  1903     0.01222514     0.02571245
  1904     0.01215930     0.02585705
  1905     0.01209377     0.02600309
  1906     0.01202852     0.02615056
  1907     0.01196356     0.02629942
  1908     0.01189889     0.02644965
  1909     0.01183450     0.02660120
  1910     0.01177038     0.02675406
  1911     0.01170652     0.02690818
  1912     0.01164293     0.02706352
  1913     0.01157960     0.02722005
  1914     0.01151653     0.02737772
  1915     0.01145370     0.02753648
  1916     0.01139111     0.02769629
  1917     0.01132877     0.02785711
  1918     0.01126666     0.02801889
  1919     0.01120478     0.02818159
  1920     0.01114313     0.02834515
  1921     0.01108170     0.02850952
  1922     0.01102049     0.02867468
  1923     0.01095949     0.02884055
  1924     0.01089870     0.02900711
  1925     0.01083811     0.02917430
  1926     0.01077773     0.02934209
  1927     0.01071755     0.02951043
  1928     0.01065756     0.02967929
  1929     0.01059777     0.02984862
  1930     0.01053816     0.03001839
  1931     0.01047874     0.03018856
  1932     0.01041950     0.03035911
  1933     0.01036045     0.03053000
  1934     0.01030157     0.03070121
  1935     0.01024286     0.03087272
  1936     0.01018433     0.03104451
  1937     0.01012598     0.03121655
  1938     0.01006779     0.03138884
  1939     0.01000977     0.03156136
  1940     0.00995192     0.03173410
  1941     0.00989423     0.03190706
  1942     0.00983671     0.03208023
  1943     0.00977935     0.03225362
  1944     0.00972215     0.03242722
  1945     0.00966512     0.03260105
  1946     0.00960825     0.03277511
  1947     0.00955154     0.03294942
  1948     0.00949499     0.03312398
  1949     0.00943860     0.03329882
  1950     0.00938237     0.03347395
  1951     0.00932631     0.03364940
  1952     0.00927040     0.03382519
  1953     0.00921466     0.03400135
  1954     0.00915909     0.03417790
  1955     0.00910368     0.03435487
  1956     0.00904843     0.03453230
  1957     0.00899335     0.03471021
  1958     0.00893844     0.03488865
  1959     0.00888370     0.03506765
  1960     0.00882913     0.03524724
  1961     0.00877473     0.03542747
  1962     0.00872050     0.03560837
  1963     0.00866646     0.03578998
  1964     0.00861258     0.03597235
  1965     0.00855889     0.03615550
  1966     0.00850538     0.03633950
  1967     0.00845206     0.03652437
  1968     0.00839892     0.03671015
  1969     0.00834597     0.03689690
  1970     0.00829321     0.03708465
  1971     0.00824064     0.03727345
  1972     0.00818827     0.03746333
  1973     0.00813609     0.03765433
  1974     0.00808412     0.03784651
  1975     0.00803235     0.03803989
  1976     0.00798078     0.03823453
  1977     0.00792942     0.03843045
  1978     0.00787827     0.03862771
  1979     0.00782733     0.03882633
  1980     0.00777661     0.03902636
  1981     0.00772611     0.03922783
  1982     0.00767582     0.03943078
  1983     0.00762576     0.03963524
  1984     0.00757592     0.03984126
  1985     0.00752631     0.04004887
  1986     0.00747693     0.04025809
  1987     0.00742778     0.04046896
  1988     0.00737887     0.04068153
  1989     0.00733019     0.04089580
  1990     0.00728175     0.04111182
  1991     0.00723355     0.04132960
  1992     0.00718560     0.04154919
  1993     0.00713789     0.04177061
  1994     0.00709043     0.04199388
  1995     0.00704321     0.04221903
  1996     0.00699625     0.04244608
  1997     0.00694954     0.04267505
  1998     0.00690309     0.04290597
  1999     0.00685689     0.04313885
  2000     0.00681095     0.04337372
