# Wilkinson Microwave Anisotropy Probe (WMAP) 9 year data release, version 5.1
# Beam Transfer Function (amplitude) for differencing assembly Q2,
# normalized to 1.0 at l=1.  The window function is the square of the
# beam transfer function.
# Reference = WMAP Explanatory Supplement: http://lambda.gsfc.nasa.gov/
# Column 1 = multipole moment l
# Column 2 = beam transfer function (amplitude), dimensionless units.
# Column 3 = 1-sigma frectional error,  delta_b_l / b_l.  See 
#             Hill et al. 2009 ApJ 180,246 for a detailed discussion of 
#             error computation.
# 
     0     1.00002872     0.00000709
     1     1.00000000     0.00000000
     2     0.99994259     0.00001415
     3     0.99985649     0.00003533
     4     0.99974176     0.00006346
     5     0.99959842     0.00009846
     6     0.99942659     0.00014022
     7     0.99922627     0.00018862
     8     0.99899762     0.00024350
     9     0.99874069     0.00030470
    10     0.99845561     0.00037204
    11     0.99814251     0.00044529
    12     0.99780152     0.00052425
    13     0.99743279     0.00060868
    14     0.99703649     0.00069831
    15     0.99661276     0.00079289
    16     0.99616182     0.00089213
    17     0.99568383     0.00099573
    18     0.99517900     0.00110338
    19     0.99464757     0.00121478
    20     0.99408973     0.00132960
    21     0.99350572     0.00144750
    22     0.99289579     0.00156815
    23     0.99226021     0.00169120
    24     0.99159920     0.00181630
    25     0.99091305     0.00194310
    26     0.99020203     0.00207126
    27     0.98946644     0.00220042
    28     0.98870655     0.00233023
    29     0.98792267     0.00246034
    30     0.98711510     0.00259042
    31     0.98628415     0.00272012
    32     0.98543014     0.00284911
    33     0.98455339     0.00297708
    34     0.98365425     0.00310371
    35     0.98273301     0.00322869
    36     0.98179002     0.00335173
    37     0.98082562     0.00347256
    38     0.97984015     0.00359090
    39     0.97883395     0.00370649
    40     0.97780737     0.00381911
    41     0.97676077     0.00392852
    42     0.97569448     0.00403452
    43     0.97460884     0.00413692
    44     0.97350422     0.00423553
    45     0.97238097     0.00433021
    46     0.97123941     0.00442082
    47     0.97007991     0.00450722
    48     0.96890281     0.00458932
    49     0.96770845     0.00466703
    50     0.96649717     0.00474028
    51     0.96526931     0.00480903
    52     0.96402521     0.00487323
    53     0.96276519     0.00493287
    54     0.96148957     0.00498796
    55     0.96019870     0.00503851
    56     0.95889287     0.00508456
    57     0.95757240     0.00512615
    58     0.95623759     0.00516335
    59     0.95488876     0.00519623
    60     0.95352618     0.00522489
    61     0.95215016     0.00524943
    62     0.95076097     0.00526997
    63     0.94935890     0.00528663
    64     0.94794418     0.00529954
    65     0.94651712     0.00530886
    66     0.94507794     0.00531474
    67     0.94362690     0.00531732
    68     0.94216423     0.00531679
    69     0.94069016     0.00531331
    70     0.93920492     0.00530706
    71     0.93770873     0.00529821
    72     0.93620179     0.00528695
    73     0.93468430     0.00527346
    74     0.93315646     0.00525791
    75     0.93161844     0.00524050
    76     0.93007041     0.00522141
    77     0.92851256     0.00520080
    78     0.92694505     0.00517887
    79     0.92536802     0.00515578
    80     0.92378163     0.00513170
    81     0.92218601     0.00510681
    82     0.92058130     0.00508125
    83     0.91896763     0.00505519
    84     0.91734509     0.00502878
    85     0.91571383     0.00500215
    86     0.91407393     0.00497545
    87     0.91242552     0.00494881
    88     0.91076868     0.00492235
    89     0.90910348     0.00489619
    90     0.90743005     0.00487044
    91     0.90574843     0.00484520
    92     0.90405873     0.00482056
    93     0.90236098     0.00479661
    94     0.90065529     0.00477343
    95     0.89894171     0.00475110
    96     0.89722031     0.00472967
    97     0.89549114     0.00470920
    98     0.89375426     0.00468975
    99     0.89200972     0.00467136
   100     0.89025758     0.00465405
   101     0.88849788     0.00463786
   102     0.88673070     0.00462281
   103     0.88495604     0.00460890
   104     0.88317398     0.00459615
   105     0.88138456     0.00458456
   106     0.87958783     0.00457411
   107     0.87778382     0.00456480
   108     0.87597261     0.00455661
   109     0.87415422     0.00454951
   110     0.87232870     0.00454347
   111     0.87049610     0.00453847
   112     0.86865650     0.00453445
   113     0.86680988     0.00453138
   114     0.86495636     0.00452921
   115     0.86309596     0.00452789
   116     0.86122875     0.00452737
   117     0.85935478     0.00452760
   118     0.85747409     0.00452851
   119     0.85558676     0.00453006
   120     0.85369283     0.00453217
   121     0.85179239     0.00453480
   122     0.84988548     0.00453788
   123     0.84797217     0.00454135
   124     0.84605255     0.00454517
   125     0.84412666     0.00454926
   126     0.84219459     0.00455357
   127     0.84025640     0.00455805
   128     0.83831217     0.00456266
   129     0.83636196     0.00456733
   130     0.83440588     0.00457203
   131     0.83244398     0.00457670
   132     0.83047635     0.00458131
   133     0.82850307     0.00458582
   134     0.82652421     0.00459020
   135     0.82453986     0.00459441
   136     0.82255012     0.00459843
   137     0.82055503     0.00460223
   138     0.81855472     0.00460578
   139     0.81654925     0.00460907
   140     0.81453871     0.00461208
   141     0.81252318     0.00461481
   142     0.81050275     0.00461723
   143     0.80847750     0.00461935
   144     0.80644752     0.00462115
   145     0.80441289     0.00462264
   146     0.80237370     0.00462381
   147     0.80033001     0.00462468
   148     0.79828193     0.00462524
   149     0.79622951     0.00462549
   150     0.79417286     0.00462546
   151     0.79211205     0.00462515
   152     0.79004715     0.00462456
   153     0.78797825     0.00462372
   154     0.78590540     0.00462265
   155     0.78382871     0.00462134
   156     0.78174824     0.00461983
   157     0.77966405     0.00461813
   158     0.77757622     0.00461625
   159     0.77548482     0.00461422
   160     0.77338992     0.00461206
   161     0.77129158     0.00460978
   162     0.76918989     0.00460741
   163     0.76708489     0.00460496
   164     0.76497666     0.00460246
   165     0.76286524     0.00459992
   166     0.76075072     0.00459737
   167     0.75863315     0.00459482
   168     0.75651257     0.00459229
   169     0.75438909     0.00458979
   170     0.75226272     0.00458735
   171     0.75013353     0.00458497
   172     0.74800159     0.00458268
   173     0.74586697     0.00458047
   174     0.74372970     0.00457838
   175     0.74158984     0.00457639
   176     0.73944745     0.00457452
   177     0.73730261     0.00457277
   178     0.73515535     0.00457116
   179     0.73300573     0.00456967
   180     0.73085382     0.00456832
   181     0.72869966     0.00456709
   182     0.72654333     0.00456599
   183     0.72438489     0.00456500
   184     0.72222438     0.00456413
   185     0.72006185     0.00456336
   186     0.71789742     0.00456269
   187     0.71573108     0.00456209
   188     0.71356294     0.00456157
   189     0.71139305     0.00456110
   190     0.70922147     0.00456067
   191     0.70704829     0.00456027
   192     0.70487354     0.00455988
   193     0.70269731     0.00455949
   194     0.70051968     0.00455908
   195     0.69834070     0.00455863
   196     0.69616045     0.00455814
   197     0.69397900     0.00455758
   198     0.69179643     0.00455695
   199     0.68961281     0.00455623
   200     0.68742821     0.00455542
   201     0.68524273     0.00455449
   202     0.68305642     0.00455346
   203     0.68086939     0.00455230
   204     0.67868168     0.00455102
   205     0.67649339     0.00454961
   206     0.67430462     0.00454807
   207     0.67211541     0.00454640
   208     0.66992589     0.00454461
   209     0.66773609     0.00454270
   210     0.66554614     0.00454067
   211     0.66335609     0.00453854
   212     0.66116603     0.00453632
   213     0.65897607     0.00453401
   214     0.65678625     0.00453162
   215     0.65459668     0.00452918
   216     0.65240742     0.00452669
   217     0.65021858     0.00452418
   218     0.64803023     0.00452165
   219     0.64584242     0.00451913
   220     0.64365527     0.00451664
   221     0.64146885     0.00451418
   222     0.63928322     0.00451178
   223     0.63709848     0.00450947
   224     0.63491469     0.00450724
   225     0.63273191     0.00450513
   226     0.63055023     0.00450316
   227     0.62836973     0.00450133
   228     0.62619048     0.00449966
   229     0.62401253     0.00449817
   230     0.62183595     0.00449688
   231     0.61966082     0.00449580
   232     0.61748718     0.00449493
   233     0.61531509     0.00449430
   234     0.61314464     0.00449392
   235     0.61097588     0.00449378
   236     0.60880886     0.00449391
   237     0.60664362     0.00449430
   238     0.60448025     0.00449497
   239     0.60231875     0.00449591
   240     0.60015920     0.00449713
   241     0.59800165     0.00449864
   242     0.59584614     0.00450042
   243     0.59369270     0.00450249
   244     0.59154140     0.00450483
   245     0.58939225     0.00450744
   246     0.58724532     0.00451031
   247     0.58510062     0.00451345
   248     0.58295819     0.00451683
   249     0.58081808     0.00452045
   250     0.57868032     0.00452429
   251     0.57654493     0.00452835
   252     0.57441193     0.00453260
   253     0.57228137     0.00453704
   254     0.57015326     0.00454163
   255     0.56802764     0.00454638
   256     0.56590455     0.00455124
   257     0.56378398     0.00455622
   258     0.56166596     0.00456127
   259     0.55955051     0.00456639
   260     0.55743766     0.00457154
   261     0.55532744     0.00457671
   262     0.55321985     0.00458187
   263     0.55111491     0.00458699
   264     0.54901264     0.00459207
   265     0.54691306     0.00459706
   266     0.54481620     0.00460195
   267     0.54272203     0.00460672
   268     0.54063062     0.00461134
   269     0.53854194     0.00461580
   270     0.53645603     0.00462008
   271     0.53437289     0.00462415
   272     0.53229254     0.00462801
   273     0.53021498     0.00463164
   274     0.52814026     0.00463502
   275     0.52606833     0.00463814
   276     0.52399925     0.00464100
   277     0.52193300     0.00464359
   278     0.51986962     0.00464590
   279     0.51780911     0.00464793
   280     0.51575145     0.00464968
   281     0.51369670     0.00465115
   282     0.51164483     0.00465234
   283     0.50959588     0.00465326
   284     0.50754983     0.00465391
   285     0.50550671     0.00465431
   286     0.50346651     0.00465447
   287     0.50142926     0.00465438
   288     0.49939496     0.00465408
   289     0.49736362     0.00465358
   290     0.49533525     0.00465289
   291     0.49330985     0.00465202
   292     0.49128745     0.00465100
   293     0.48926805     0.00464985
   294     0.48725165     0.00464858
   295     0.48523827     0.00464722
   296     0.48322791     0.00464578
   297     0.48122060     0.00464429
   298     0.47921635     0.00464277
   299     0.47721515     0.00464124
   300     0.47521704     0.00463971
   301     0.47322202     0.00463821
   302     0.47123009     0.00463676
   303     0.46924129     0.00463537
   304     0.46725563     0.00463407
   305     0.46527314     0.00463288
   306     0.46329380     0.00463180
   307     0.46131766     0.00463086
   308     0.45934474     0.00463008
   309     0.45737506     0.00462946
   310     0.45540863     0.00462903
   311     0.45344550     0.00462878
   312     0.45148567     0.00462875
   313     0.44952919     0.00462893
   314     0.44757608     0.00462934
   315     0.44562638     0.00462999
   316     0.44368014     0.00463087
   317     0.44173735     0.00463201
   318     0.43979807     0.00463340
   319     0.43786236     0.00463504
   320     0.43593024     0.00463694
   321     0.43400178     0.00463910
   322     0.43207700     0.00464151
   323     0.43015595     0.00464418
   324     0.42823869     0.00464709
   325     0.42632527     0.00465025
   326     0.42441577     0.00465364
   327     0.42251021     0.00465725
   328     0.42060866     0.00466107
   329     0.41871120     0.00466508
   330     0.41681787     0.00466928
   331     0.41492877     0.00467364
   332     0.41304392     0.00467815
   333     0.41116343     0.00468277
   334     0.40928735     0.00468750
   335     0.40741576     0.00469231
   336     0.40554875     0.00469717
   337     0.40368637     0.00470206
   338     0.40182870     0.00470696
   339     0.39997584     0.00471182
   340     0.39812783     0.00471664
   341     0.39628480     0.00472137
   342     0.39444679     0.00472600
   343     0.39261389     0.00473050
   344     0.39078621     0.00473483
   345     0.38896378     0.00473898
   346     0.38714670     0.00474292
   347     0.38533508     0.00474662
   348     0.38352896     0.00475007
   349     0.38172844     0.00475324
   350     0.37993357     0.00475613
   351     0.37814446     0.00475870
   352     0.37636116     0.00476096
   353     0.37458374     0.00476288
   354     0.37281228     0.00476447
   355     0.37104686     0.00476571
   356     0.36928752     0.00476661
   357     0.36753432     0.00476716
   358     0.36578734     0.00476738
   359     0.36404663     0.00476726
   360     0.36231222     0.00476682
   361     0.36058419     0.00476607
   362     0.35886257     0.00476503
   363     0.35714738     0.00476371
   364     0.35543870     0.00476213
   365     0.35373653     0.00476032
   366     0.35204090     0.00475830
   367     0.35035185     0.00475609
   368     0.34866938     0.00475373
   369     0.34699351     0.00475125
   370     0.34532425     0.00474866
   371     0.34366161     0.00474601
   372     0.34200560     0.00474332
   373     0.34035618     0.00474063
   374     0.33871336     0.00473796
   375     0.33707715     0.00473534
   376     0.33544748     0.00473281
   377     0.33382435     0.00473038
   378     0.33220775     0.00472810
   379     0.33059762     0.00472597
   380     0.32899392     0.00472403
   381     0.32739665     0.00472229
   382     0.32580570     0.00472077
   383     0.32422107     0.00471950
   384     0.32264268     0.00471848
   385     0.32107050     0.00471772
   386     0.31950443     0.00471723
   387     0.31794444     0.00471702
   388     0.31639045     0.00471710
   389     0.31484239     0.00471746
   390     0.31330019     0.00471810
   391     0.31176378     0.00471902
   392     0.31023307     0.00472021
   393     0.30870800     0.00472166
   394     0.30718850     0.00472336
   395     0.30567444     0.00472531
   396     0.30416581     0.00472749
   397     0.30266248     0.00472987
   398     0.30116438     0.00473245
   399     0.29967145     0.00473521
   400     0.29818358     0.00473812
   401     0.29670070     0.00474118
   402     0.29522275     0.00474435
   403     0.29374963     0.00474762
   404     0.29228130     0.00475097
   405     0.29081763     0.00475437
   406     0.28935860     0.00475780
   407     0.28790412     0.00476126
   408     0.28645412     0.00476470
   409     0.28500854     0.00476813
   410     0.28356732     0.00477150
   411     0.28213040     0.00477482
   412     0.28069773     0.00477806
   413     0.27926926     0.00478120
   414     0.27784493     0.00478423
   415     0.27642472     0.00478714
   416     0.27500856     0.00478991
   417     0.27359643     0.00479253
   418     0.27218830     0.00479499
   419     0.27078415     0.00479728
   420     0.26938391     0.00479940
   421     0.26798760     0.00480133
   422     0.26659518     0.00480308
   423     0.26520667     0.00480464
   424     0.26382201     0.00480600
   425     0.26244122     0.00480717
   426     0.26106432     0.00480815
   427     0.25969126     0.00480893
   428     0.25832208     0.00480953
   429     0.25695676     0.00480995
   430     0.25559532     0.00481019
   431     0.25423779     0.00481027
   432     0.25288416     0.00481019
   433     0.25153447     0.00480997
   434     0.25018872     0.00480961
   435     0.24884693     0.00480913
   436     0.24750914     0.00480854
   437     0.24617534     0.00480787
   438     0.24484560     0.00480713
   439     0.24351993     0.00480633
   440     0.24219835     0.00480550
   441     0.24088091     0.00480466
   442     0.23956759     0.00480383
   443     0.23825849     0.00480304
   444     0.23695357     0.00480230
   445     0.23565292     0.00480164
   446     0.23435653     0.00480108
   447     0.23306444     0.00480066
   448     0.23177668     0.00480039
   449     0.23049328     0.00480031
   450     0.22921427     0.00480043
   451     0.22793967     0.00480078
   452     0.22666950     0.00480138
   453     0.22540376     0.00480227
   454     0.22414252     0.00480346
   455     0.22288577     0.00480497
   456     0.22163353     0.00480682
   457     0.22038581     0.00480904
   458     0.21914264     0.00481164
   459     0.21790402     0.00481463
   460     0.21666997     0.00481803
   461     0.21544049     0.00482184
   462     0.21421560     0.00482608
   463     0.21299528     0.00483075
   464     0.21177954     0.00483586
   465     0.21056839     0.00484139
   466     0.20936184     0.00484735
   467     0.20815986     0.00485374
   468     0.20696246     0.00486053
   469     0.20576963     0.00486773
   470     0.20458136     0.00487531
   471     0.20339766     0.00488326
   472     0.20221851     0.00489155
   473     0.20104390     0.00490016
   474     0.19987380     0.00490906
   475     0.19870823     0.00491824
   476     0.19754715     0.00492765
   477     0.19639057     0.00493727
   478     0.19523847     0.00494706
   479     0.19409083     0.00495698
   480     0.19294764     0.00496702
   481     0.19180888     0.00497713
   482     0.19067457     0.00498727
   483     0.18954465     0.00499741
   484     0.18841916     0.00500753
   485     0.18729803     0.00501758
   486     0.18618132     0.00502754
   487     0.18506897     0.00503738
   488     0.18396100     0.00504707
   489     0.18285738     0.00505658
   490     0.18175813     0.00506591
   491     0.18066324     0.00507502
   492     0.17957270     0.00508390
   493     0.17848654     0.00509254
   494     0.17740473     0.00510093
   495     0.17632729     0.00510907
   496     0.17525422     0.00511694
   497     0.17418554     0.00512456
   498     0.17312127     0.00513192
   499     0.17206139     0.00513904
   500     0.17100594     0.00514591
   501     0.16995493     0.00515257
   502     0.16890837     0.00515902
   503     0.16786628     0.00516528
   504     0.16682870     0.00517137
   505     0.16579563     0.00517732
   506     0.16476712     0.00518315
   507     0.16374317     0.00518888
   508     0.16272382     0.00519456
   509     0.16170910     0.00520020
   510     0.16069903     0.00520584
   511     0.15969366     0.00521150
   512     0.15869300     0.00521722
   513     0.15769710     0.00522303
   514     0.15670598     0.00522895
   515     0.15571967     0.00523503
   516     0.15473821     0.00524128
   517     0.15376163     0.00524773
   518     0.15278997     0.00525442
   519     0.15182324     0.00526137
   520     0.15086150     0.00526860
   521     0.14990476     0.00527613
   522     0.14895305     0.00528399
   523     0.14800641     0.00529220
   524     0.14706486     0.00530077
   525     0.14612842     0.00530973
   526     0.14519713     0.00531908
   527     0.14427099     0.00532884
   528     0.14335004     0.00533903
   529     0.14243429     0.00534965
   530     0.14152376     0.00536071
   531     0.14061845     0.00537223
   532     0.13971839     0.00538420
   533     0.13882358     0.00539663
   534     0.13793402     0.00540953
   535     0.13704973     0.00542289
   536     0.13617070     0.00543672
   537     0.13529693     0.00545102
   538     0.13442842     0.00546578
   539     0.13356515     0.00548100
   540     0.13270713     0.00549668
   541     0.13185434     0.00551280
   542     0.13100676     0.00552936
   543     0.13016438     0.00554635
   544     0.12932717     0.00556375
   545     0.12849512     0.00558155
   546     0.12766819     0.00559974
   547     0.12684636     0.00561829
   548     0.12602960     0.00563719
   549     0.12521787     0.00565641
   550     0.12441114     0.00567593
   551     0.12360938     0.00569572
   552     0.12281254     0.00571576
   553     0.12202059     0.00573601
   554     0.12123348     0.00575644
   555     0.12045116     0.00577703
   556     0.11967360     0.00579774
   557     0.11890074     0.00581852
   558     0.11813254     0.00583935
   559     0.11736895     0.00586019
   560     0.11660992     0.00588100
   561     0.11585539     0.00590175
   562     0.11510532     0.00592239
   563     0.11435966     0.00594289
   564     0.11361834     0.00596322
   565     0.11288133     0.00598334
   566     0.11214857     0.00600322
   567     0.11142001     0.00602283
   568     0.11069559     0.00604213
   569     0.10997526     0.00606110
   570     0.10925898     0.00607973
   571     0.10854670     0.00609797
   572     0.10783836     0.00611583
   573     0.10713391     0.00613328
   574     0.10643332     0.00615031
   575     0.10573653     0.00616691
   576     0.10504349     0.00618309
   577     0.10435417     0.00619883
   578     0.10366852     0.00621415
   579     0.10298650     0.00622904
   580     0.10230807     0.00624352
   581     0.10163319     0.00625760
   582     0.10096182     0.00627130
   583     0.10029392     0.00628463
   584     0.09962947     0.00629762
   585     0.09896843     0.00631030
   586     0.09831077     0.00632269
   587     0.09765645     0.00633482
   588     0.09700545     0.00634672
   589     0.09635774     0.00635843
   590     0.09571330     0.00636997
   591     0.09507210     0.00638138
   592     0.09443411     0.00639271
   593     0.09379933     0.00640397
   594     0.09316771     0.00641522
   595     0.09253926     0.00642647
   596     0.09191394     0.00643778
   597     0.09129174     0.00644916
   598     0.09067265     0.00646066
   599     0.09005665     0.00647231
   600     0.08944373     0.00648413
   601     0.08883387     0.00649615
   602     0.08822706     0.00650841
   603     0.08762328     0.00652092
   604     0.08702254     0.00653372
   605     0.08642482     0.00654681
   606     0.08583011     0.00656024
   607     0.08523840     0.00657400
   608     0.08464968     0.00658813
   609     0.08406395     0.00660264
   610     0.08348119     0.00661754
   611     0.08290141     0.00663284
   612     0.08232459     0.00664857
   613     0.08175073     0.00666473
   614     0.08117982     0.00668134
   615     0.08061185     0.00669840
   616     0.08004683     0.00671593
   617     0.07948474     0.00673394
   618     0.07892558     0.00675243
   619     0.07836935     0.00677142
   620     0.07781603     0.00679092
   621     0.07726563     0.00681093
   622     0.07671814     0.00683146
   623     0.07617356     0.00685253
   624     0.07563187     0.00687414
   625     0.07509308     0.00689631
   626     0.07455717     0.00691903
   627     0.07402415     0.00694232
   628     0.07349402     0.00696618
   629     0.07296675     0.00699062
   630     0.07244236     0.00701565
   631     0.07192083     0.00704127
   632     0.07140216     0.00706749
   633     0.07088634     0.00709430
   634     0.07037337     0.00712171
   635     0.06986324     0.00714972
   636     0.06935595     0.00717832
   637     0.06885150     0.00720751
   638     0.06834987     0.00723728
   639     0.06785105     0.00726762
   640     0.06735506     0.00729853
   641     0.06686186     0.00732998
   642     0.06637147     0.00736196
   643     0.06588387     0.00739446
   644     0.06539906     0.00742746
   645     0.06491703     0.00746092
   646     0.06443776     0.00749484
   647     0.06396126     0.00752918
   648     0.06348752     0.00756392
   649     0.06301651     0.00759903
   650     0.06254825     0.00763448
   651     0.06208271     0.00767024
   652     0.06161989     0.00770629
   653     0.06115977     0.00774259
   654     0.06070235     0.00777913
   655     0.06024761     0.00781586
   656     0.05979554     0.00785277
   657     0.05934612     0.00788982
   658     0.05889935     0.00792701
   659     0.05845521     0.00796431
   660     0.05801368     0.00800171
   661     0.05757475     0.00803919
   662     0.05713841     0.00807673
   663     0.05670463     0.00811435
   664     0.05627339     0.00815202
   665     0.05584469     0.00818976
   666     0.05541850     0.00822757
   667     0.05499480     0.00826546
   668     0.05457357     0.00830343
   669     0.05415479     0.00834151
   670     0.05373844     0.00837972
   671     0.05332450     0.00841808
   672     0.05291295     0.00845662
   673     0.05250376     0.00849536
   674     0.05209690     0.00853433
   675     0.05169237     0.00857357
   676     0.05129013     0.00861311
   677     0.05089015     0.00865299
   678     0.05049242     0.00869325
   679     0.05009692     0.00873390
   680     0.04970361     0.00877501
   681     0.04931247     0.00881658
   682     0.04892349     0.00885866
   683     0.04853663     0.00890128
   684     0.04815188     0.00894447
   685     0.04776921     0.00898824
   686     0.04738861     0.00903262
   687     0.04701004     0.00907764
   688     0.04663350     0.00912330
   689     0.04625896     0.00916961
   690     0.04588641     0.00921660
   691     0.04551583     0.00926426
   692     0.04514720     0.00931259
   693     0.04478052     0.00936159
   694     0.04441576     0.00941127
   695     0.04405293     0.00946161
   696     0.04369201     0.00951262
   697     0.04333299     0.00956427
   698     0.04297588     0.00961657
   699     0.04262066     0.00966950
   700     0.04226734     0.00972306
   701     0.04191593     0.00977722
   702     0.04156641     0.00983200
   703     0.04121880     0.00988738
   704     0.04087312     0.00994335
   705     0.04052935     0.00999992
   706     0.04018753     0.01005709
   707     0.03984767     0.01011485
   708     0.03950978     0.01017322
   709     0.03917388     0.01023221
   710     0.03883999     0.01029183
   711     0.03850814     0.01035209
   712     0.03817835     0.01041302
   713     0.03785065     0.01047463
   714     0.03752507     0.01053694
   715     0.03720163     0.01060000
   716     0.03688038     0.01066381
   717     0.03656135     0.01072841
   718     0.03624456     0.01079383
   719     0.03593006     0.01086010
   720     0.03561789     0.01092724
   721     0.03530808     0.01099528
   722     0.03500066     0.01106424
   723     0.03469569     0.01113415
   724     0.03439319     0.01120503
   725     0.03409321     0.01127690
   726     0.03379579     0.01134976
   727     0.03350096     0.01142364
   728     0.03320876     0.01149853
   729     0.03291922     0.01157445
   730     0.03263239     0.01165139
   731     0.03234830     0.01172935
   732     0.03206697     0.01180832
   733     0.03178844     0.01188831
   734     0.03151273     0.01196929
   735     0.03123988     0.01205127
   736     0.03096990     0.01213423
   737     0.03070281     0.01221815
   738     0.03043863     0.01230304
   739     0.03017738     0.01238888
   740     0.02991906     0.01247568
   741     0.02966369     0.01256342
   742     0.02941126     0.01265212
   743     0.02916177     0.01274178
   744     0.02891522     0.01283242
   745     0.02867160     0.01292406
   746     0.02843090     0.01301673
   747     0.02819310     0.01311045
   748     0.02795817     0.01320527
   749     0.02772610     0.01330123
   750     0.02749685     0.01339840
   751     0.02727039     0.01349682
   752     0.02704667     0.01359656
   753     0.02682566     0.01369770
   754     0.02660731     0.01380030
   755     0.02639156     0.01390444
   756     0.02617837     0.01401021
   757     0.02596766     0.01411766
   758     0.02575938     0.01422690
   759     0.02555346     0.01433798
   760     0.02534984     0.01445098
   761     0.02514843     0.01456596
   762     0.02494916     0.01468299
   763     0.02475196     0.01480211
   764     0.02455674     0.01492337
   765     0.02436342     0.01504679
   766     0.02417191     0.01517240
   767     0.02398213     0.01530020
   768     0.02379399     0.01543018
   769     0.02360740     0.01556234
   770     0.02342227     0.01569662
   771     0.02323852     0.01583299
   772     0.02305605     0.01597139
   773     0.02287478     0.01611175
   774     0.02269462     0.01625399
   775     0.02251548     0.01639802
   776     0.02233727     0.01654373
   777     0.02215992     0.01669102
   778     0.02198334     0.01683978
   779     0.02180746     0.01698989
   780     0.02163219     0.01714124
   781     0.02145748     0.01729371
   782     0.02128324     0.01744719
   783     0.02110941     0.01760158
   784     0.02093594     0.01775678
   785     0.02076276     0.01791270
   786     0.02058982     0.01806927
   787     0.02041708     0.01822644
   788     0.02024449     0.01838415
   789     0.02007202     0.01854238
   790     0.01989963     0.01870114
   791     0.01972730     0.01886042
   792     0.01955500     0.01902028
   793     0.01938271     0.01918077
   794     0.01921043     0.01934197
   795     0.01903815     0.01950399
   796     0.01886587     0.01966696
   797     0.01869360     0.01983102
   798     0.01852135     0.01999634
   799     0.01834913     0.02016311
   800     0.01817696     0.02033153
   801     0.01800488     0.02050182
   802     0.01783291     0.02067422
   803     0.01766109     0.02084896
   804     0.01748946     0.02102630
   805     0.01731806     0.02120648
   806     0.01714694     0.02138976
   807     0.01697616     0.02157639
   808     0.01680578     0.02176661
   809     0.01663584     0.02196066
   810     0.01646641     0.02215876
   811     0.01629756     0.02236111
   812     0.01612936     0.02256792
   813     0.01596186     0.02277933
   814     0.01579515     0.02299551
   815     0.01562928     0.02321656
   816     0.01546434     0.02344259
   817     0.01530039     0.02367365
   818     0.01513750     0.02390978
   819     0.01497574     0.02415100
   820     0.01481519     0.02439727
   821     0.01465591     0.02464856
   822     0.01449797     0.02490479
   823     0.01434144     0.02516586
   824     0.01418636     0.02543165
   825     0.01403281     0.02570201
   826     0.01388085     0.02597680
   827     0.01373052     0.02625583
   828     0.01358187     0.02653891
   829     0.01343495     0.02682587
   830     0.01328980     0.02711648
   831     0.01314647     0.02741057
   832     0.01300498     0.02770792
   833     0.01286535     0.02800835
   834     0.01272763     0.02831168
   835     0.01259182     0.02861773
   836     0.01245793     0.02892635
   837     0.01232599     0.02923741
   838     0.01219598     0.02955078
   839     0.01206792     0.02986639
   840     0.01194179     0.03018416
   841     0.01181758     0.03050405
   842     0.01169528     0.03082605
   843     0.01157486     0.03115018
   844     0.01145630     0.03147649
   845     0.01133958     0.03180505
   846     0.01122464     0.03213598
   847     0.01111147     0.03246940
   848     0.01100001     0.03280548
   849     0.01089021     0.03314441
   850     0.01078204     0.03348641
   851     0.01067542     0.03383170
   852     0.01057032     0.03418054
   853     0.01046667     0.03453320
   854     0.01036441     0.03488997
   855     0.01026348     0.03525114
   856     0.01016382     0.03561702
   857     0.01006535     0.03598790
   858     0.00996801     0.03636410
   859     0.00987175     0.03674593
   860     0.00977648     0.03713367
   861     0.00968215     0.03752761
   862     0.00958869     0.03792803
   863     0.00949603     0.03833517
   864     0.00940411     0.03874929
   865     0.00931288     0.03917060
   866     0.00922226     0.03959928
   867     0.00913220     0.04003551
   868     0.00904265     0.04047942
   869     0.00895356     0.04093114
   870     0.00886487     0.04139074
   871     0.00877654     0.04185828
   872     0.00868853     0.04233379
   873     0.00860080     0.04281728
   874     0.00851332     0.04330872
   875     0.00842605     0.04380805
   876     0.00833898     0.04431522
   877     0.00825207     0.04483013
   878     0.00816531     0.04535267
   879     0.00807869     0.04588271
   880     0.00799221     0.04642012
   881     0.00790585     0.04696476
   882     0.00781961     0.04751647
   883     0.00773352     0.04807509
   884     0.00764756     0.04864047
   885     0.00756176     0.04921248
   886     0.00747614     0.04979096
   887     0.00739072     0.05037578
   888     0.00730551     0.05096682
   889     0.00722057     0.05156400
   890     0.00713591     0.05216722
   891     0.00705157     0.05277643
   892     0.00696759     0.05339159
   893     0.00688402     0.05401271
   894     0.00680089     0.05463980
   895     0.00671826     0.05527292
   896     0.00663616     0.05591214
   897     0.00655466     0.05655758
   898     0.00647380     0.05720940
   899     0.00639363     0.05786777
   900     0.00631421     0.05853290
   901     0.00623558     0.05920504
   902     0.00615779     0.05988445
   903     0.00608090     0.06057144
   904     0.00600496     0.06126635
   905     0.00593001     0.06196951
   906     0.00585610     0.06268132
   907     0.00578328     0.06340218
   908     0.00571159     0.06413249
   909     0.00564106     0.06487269
   910     0.00557174     0.06562322
   911     0.00550366     0.06638453
   912     0.00543685     0.06715708
   913     0.00537133     0.06794134
   914     0.00530714     0.06873775
   915     0.00524428     0.06954677
   916     0.00518278     0.07036887
   917     0.00512264     0.07120447
   918     0.00506388     0.07205401
   919     0.00500649     0.07291789
   920     0.00495047     0.07379653
   921     0.00489582     0.07469032
   922     0.00484252     0.07559961
   923     0.00479056     0.07652477
   924     0.00473991     0.07746612
   925     0.00469056     0.07842400
   926     0.00464247     0.07939868
   927     0.00459561     0.08039048
   928     0.00454994     0.08139967
   929     0.00450542     0.08242651
   930     0.00446201     0.08347125
   931     0.00441965     0.08453417
   932     0.00437830     0.08561549
   933     0.00433789     0.08671548
   934     0.00429838     0.08783440
   935     0.00425969     0.08897250
   936     0.00422178     0.09013007
   937     0.00418456     0.09130739
   938     0.00414798     0.09250477
   939     0.00411198     0.09372253
   940     0.00407647     0.09496102
   941     0.00404139     0.09622061
   942     0.00400668     0.09750170
   943     0.00397226     0.09880470
   944     0.00393806     0.10013007
   945     0.00390402     0.10147829
   946     0.00387007     0.10284985
   947     0.00383615     0.10424527
   948     0.00380218     0.10566511
   949     0.00376812     0.10710993
   950     0.00373390     0.10858032
   951     0.00369947     0.11007687
   952     0.00366477     0.11160020
   953     0.00362975     0.11315091
   954     0.00359437     0.11472962
   955     0.00355859     0.11633693
   956     0.00352236     0.11797347
   957     0.00348566     0.11963979
   958     0.00344846     0.12133649
   959     0.00341072     0.12306411
   960     0.00337243     0.12482316
   961     0.00333358     0.12661414
   962     0.00329415     0.12843752
   963     0.00325414     0.13029371
   964     0.00321355     0.13218310
   965     0.00317238     0.13410605
   966     0.00313065     0.13606288
   967     0.00308836     0.13805386
   968     0.00304553     0.14007924
   969     0.00300220     0.14213927
   970     0.00295838     0.14423412
   971     0.00291412     0.14636397
   972     0.00286944     0.14852902
   973     0.00282440     0.15072942
   974     0.00277903     0.15296535
   975     0.00273338     0.15523702
   976     0.00268752     0.15754463
   977     0.00264148     0.15988846
   978     0.00259534     0.16226882
   979     0.00254915     0.16468608
   980     0.00250298     0.16714071
   981     0.00245689     0.16963322
   982     0.00241095     0.17216431
   983     0.00236523     0.17473470
   984     0.00231980     0.17734529
   985     0.00227473     0.17999712
   986     0.00223008     0.18269135
   987     0.00218594     0.18542935
   988     0.00214237     0.18821259
   989     0.00209944     0.19104278
   990     0.00205722     0.19392179
   991     0.00201577     0.19685167
   992     0.00197517     0.19983466
   993     0.00193547     0.20287320
   994     0.00189674     0.20596993
   995     0.00185904     0.20912765
   996     0.00182242     0.21234939
   997     0.00178693     0.21563828
   998     0.00175263     0.21899773
   999     0.00171955     0.22243121
  1000     0.00168775     0.22594239
  1001     0.00165726     0.22953507
  1002     0.00162811     0.23321316
  1003     0.00160033     0.23698071
  1004     0.00157395     0.24084181
  1005     0.00154899     0.24480069
  1006     0.00152546     0.24886160
  1007     0.00150337     0.25302887
  1008     0.00148273     0.25730684
  1009     0.00146355     0.26169991
  1010     0.00144581     0.26621246
  1011     0.00142951     0.27084890
  1012     0.00141464     0.27561361
  1013     0.00140117     0.28051102
  1014     0.00138909     0.28554547
  1015     0.00137837     0.29072142
  1016     0.00136898     0.29604322
  1017     0.00136088     0.30151531
  1018     0.00135403     0.30714214
  1019     0.00134839     0.31292820
  1020     0.00134392     0.31887802
  1021     0.00134055     0.32499629
  1022     0.00133825     0.33128780
  1023     0.00133694     0.33775744
  1024     0.00133658     0.34441033
  1025     0.00133710     0.35125184
  1026     0.00133844     0.35828760
  1027     0.00134052     0.36552355
  1028     0.00134329     0.37296596
  1029     0.00134667     0.38062158
  1030     0.00135060     0.38849762
  1031     0.00135499     0.39660177
  1032     0.00135979     0.40494230
  1033     0.00136492     0.41352820
  1034     0.00137030     0.42236909
  1035     0.00137587     0.43147540
  1036     0.00138155     0.44085830
  1037     0.00138728     0.45052999
  1038     0.00139299     0.46050349
  1039     0.00139860     0.47079295
  1040     0.00140406     0.48141351
  1041     0.00140930     0.49238157
  1042     0.00141425     0.50371468
  1043     0.00141886     0.51543170
  1044     0.00142308     0.52755290
  1045     0.00142684     0.54009992
  1046     0.00143009     0.55309594
  1047     0.00143279     0.56656569
  1048     0.00143490     0.58053571
  1049     0.00143636     0.59503400
  1050     0.00143714     0.61009067
  1051     0.00143721     0.62573749
  1052     0.00143653     0.64200848
  1053     0.00143508     0.65893948
  1054     0.00143282     0.67656887
  1055     0.00142974     0.69493705
  1056     0.00142583     0.71408701
  1057     0.00142106     0.73406446
  1058     0.00141544     0.75491774
  1059     0.00140894     0.77669817
  1060     0.00140157     0.79946035
  1061     0.00139333     0.82326216
  1062     0.00138422     0.84816539
  1063     0.00137425     0.87423569
  1064     0.00136342     0.90154332
  1065     0.00135176     0.93016320
  1066     0.00133928     0.96017575
  1067     0.00132600     0.99166739
  1068     0.00131193     1.02473116
  1069     0.00129711     1.05946743
  1070     0.00128155     1.09598517
  1071     0.00126530     1.13440275
  1072     0.00124837     1.17484915
  1073     0.00123080     1.21746576
  1074     0.00121263     1.26240778
  1075     0.00119389     1.30984640
  1076     0.00117461     1.35997128
  1077     0.00115484     1.41299307
  1078     0.00113462     1.46914709
  1079     0.00111397     1.52869701
  1080     0.00109296     1.59193969
  1081     0.00107161     1.65921068
  1082     0.00104996     1.73089099
  1083     0.00102806     1.80741549
  1084     0.00100596     1.88928235
  1085     0.00098368     1.97706568
  1086     0.00096127     2.07143021
  1087     0.00093877     2.17314982
  1088     0.00091622     2.28313112
  1089     0.00089366     2.40244198
  1090     0.00087113     2.53234959
  1091     0.00084866     2.67436862
  1092     0.00082629     2.83032322
  1093     0.00080406     3.00242996
  1094     0.00078199     3.19340849
  1095     0.00076012     3.40663123
  1096     0.00073848     3.64632988
  1097     0.00071710     3.91788745
  1098     0.00069601     4.22825384
  1099     0.00067523     4.58656025
  1100     0.00065478     5.00504541
