# Wilkinson Microwave Anisotropy Probe (WMAP) 9 year data release, version 5.1
# Beam Transfer Function (amplitude) for differencing assembly V2,
# normalized to 1.0 at l=1.  The window function is the square of the
# beam transfer function.
# Reference = WMAP Explanatory Supplement: http://lambda.gsfc.nasa.gov/
# Column 1 = multipole moment l
# Column 2 = beam transfer function (amplitude), dimensionless units.
# Column 3 = 1-sigma frectional error,  delta_b_l / b_l.  See 
#             Hill et al. 2009 ApJ 180,246 for a detailed discussion of 
#             error computation.
# 
     0     1.00002133     0.00000336
     1     1.00000000     0.00000000
     2     0.99995738     0.00000672
     3     0.99989346     0.00001679
     4     0.99980831     0.00003019
     5     0.99970198     0.00004689
     6     0.99957454     0.00006685
     7     0.99942608     0.00009006
     8     0.99925670     0.00011645
     9     0.99906650     0.00014599
    10     0.99885561     0.00017862
    11     0.99862418     0.00021427
    12     0.99837235     0.00025288
    13     0.99810029     0.00029439
    14     0.99780817     0.00033871
    15     0.99749618     0.00038577
    16     0.99716451     0.00043548
    17     0.99681339     0.00048774
    18     0.99644303     0.00054247
    19     0.99605364     0.00059956
    20     0.99564548     0.00065892
    21     0.99521879     0.00072043
    22     0.99477382     0.00078398
    23     0.99431085     0.00084947
    24     0.99383013     0.00091678
    25     0.99333196     0.00098578
    26     0.99281659     0.00105637
    27     0.99228435     0.00112840
    28     0.99173549     0.00120177
    29     0.99117035     0.00127634
    30     0.99058921     0.00135199
    31     0.98999236     0.00142858
    32     0.98938012     0.00150600
    33     0.98875281     0.00158410
    34     0.98811071     0.00166277
    35     0.98745417     0.00174186
    36     0.98678348     0.00182126
    37     0.98609894     0.00190083
    38     0.98540087     0.00198045
    39     0.98468959     0.00206000
    40     0.98396539     0.00213934
    41     0.98322856     0.00221836
    42     0.98247944     0.00229694
    43     0.98171829     0.00237496
    44     0.98094541     0.00245231
    45     0.98016109     0.00252887
    46     0.97936563     0.00260454
    47     0.97855929     0.00267922
    48     0.97774233     0.00275280
    49     0.97691504     0.00282518
    50     0.97607766     0.00289627
    51     0.97523046     0.00296598
    52     0.97437366     0.00303423
    53     0.97350752     0.00310094
    54     0.97263227     0.00316603
    55     0.97174813     0.00322943
    56     0.97085528     0.00329107
    57     0.96995398     0.00335089
    58     0.96904441     0.00340884
    59     0.96812675     0.00346486
    60     0.96720117     0.00351891
    61     0.96626786     0.00357094
    62     0.96532699     0.00362093
    63     0.96437872     0.00366884
    64     0.96342317     0.00371464
    65     0.96246050     0.00375831
    66     0.96149084     0.00379984
    67     0.96051431     0.00383922
    68     0.95953102     0.00387644
    69     0.95854108     0.00391150
    70     0.95754459     0.00394440
    71     0.95654163     0.00397516
    72     0.95553231     0.00400379
    73     0.95451668     0.00403030
    74     0.95349483     0.00405471
    75     0.95246681     0.00407706
    76     0.95143269     0.00409737
    77     0.95039251     0.00411567
    78     0.94934632     0.00413201
    79     0.94829416     0.00414642
    80     0.94723606     0.00415895
    81     0.94617206     0.00416964
    82     0.94510220     0.00417854
    83     0.94402645     0.00418571
    84     0.94294489     0.00419120
    85     0.94185750     0.00419506
    86     0.94076431     0.00419736
    87     0.93966532     0.00419815
    88     0.93856054     0.00419750
    89     0.93744999     0.00419546
    90     0.93633364     0.00419211
    91     0.93521153     0.00418750
    92     0.93408366     0.00418171
    93     0.93295001     0.00417479
    94     0.93181061     0.00416682
    95     0.93066544     0.00415786
    96     0.92951452     0.00414797
    97     0.92835786     0.00413722
    98     0.92719545     0.00412567
    99     0.92602730     0.00411340
   100     0.92485345     0.00410046
   101     0.92367388     0.00408692
   102     0.92248862     0.00407283
   103     0.92129768     0.00405826
   104     0.92010108     0.00404326
   105     0.91889885     0.00402790
   106     0.91769103     0.00401223
   107     0.91647764     0.00399631
   108     0.91525868     0.00398018
   109     0.91403425     0.00396390
   110     0.91280435     0.00394752
   111     0.91156905     0.00393108
   112     0.91032837     0.00391464
   113     0.90908239     0.00389823
   114     0.90783116     0.00388190
   115     0.90657473     0.00386569
   116     0.90531319     0.00384963
   117     0.90404659     0.00383377
   118     0.90277501     0.00381814
   119     0.90149856     0.00380277
   120     0.90021726     0.00378769
   121     0.89893124     0.00377293
   122     0.89764058     0.00375851
   123     0.89634538     0.00374447
   124     0.89504573     0.00373083
   125     0.89374173     0.00371761
   126     0.89243349     0.00370482
   127     0.89112111     0.00369249
   128     0.88980470     0.00368063
   129     0.88848437     0.00366926
   130     0.88716025     0.00365839
   131     0.88583243     0.00364803
   132     0.88450106     0.00363819
   133     0.88316624     0.00362888
   134     0.88182811     0.00362010
   135     0.88048678     0.00361186
   136     0.87914238     0.00360416
   137     0.87779502     0.00359700
   138     0.87644484     0.00359038
   139     0.87509198     0.00358430
   140     0.87373655     0.00357876
   141     0.87237868     0.00357374
   142     0.87101848     0.00356926
   143     0.86965611     0.00356528
   144     0.86829167     0.00356181
   145     0.86692528     0.00355884
   146     0.86555707     0.00355636
   147     0.86418717     0.00355434
   148     0.86281568     0.00355278
   149     0.86144273     0.00355167
   150     0.86006843     0.00355098
   151     0.85869288     0.00355069
   152     0.85731620     0.00355080
   153     0.85593848     0.00355128
   154     0.85455985     0.00355212
   155     0.85318039     0.00355329
   156     0.85180021     0.00355477
   157     0.85041938     0.00355655
   158     0.84903800     0.00355860
   159     0.84765618     0.00356090
   160     0.84627395     0.00356343
   161     0.84489143     0.00356618
   162     0.84350866     0.00356911
   163     0.84212573     0.00357221
   164     0.84074272     0.00357547
   165     0.83935966     0.00357885
   166     0.83797661     0.00358234
   167     0.83659364     0.00358592
   168     0.83521078     0.00358957
   169     0.83382808     0.00359328
   170     0.83244560     0.00359702
   171     0.83106334     0.00360078
   172     0.82968134     0.00360455
   173     0.82829966     0.00360831
   174     0.82691827     0.00361204
   175     0.82553723     0.00361573
   176     0.82415653     0.00361937
   177     0.82277619     0.00362295
   178     0.82139623     0.00362646
   179     0.82001665     0.00362989
   180     0.81863743     0.00363322
   181     0.81725860     0.00363645
   182     0.81588012     0.00363958
   183     0.81450202     0.00364259
   184     0.81312426     0.00364548
   185     0.81174683     0.00364825
   186     0.81036972     0.00365089
   187     0.80899292     0.00365341
   188     0.80761639     0.00365578
   189     0.80624012     0.00365803
   190     0.80486409     0.00366013
   191     0.80348826     0.00366210
   192     0.80211262     0.00366394
   193     0.80073713     0.00366564
   194     0.79936176     0.00366721
   195     0.79798649     0.00366864
   196     0.79661127     0.00366995
   197     0.79523609     0.00367112
   198     0.79386091     0.00367218
   199     0.79248569     0.00367311
   200     0.79111040     0.00367392
   201     0.78973503     0.00367462
   202     0.78835953     0.00367522
   203     0.78698386     0.00367570
   204     0.78560800     0.00367609
   205     0.78423193     0.00367638
   206     0.78285562     0.00367658
   207     0.78147901     0.00367668
   208     0.78010212     0.00367671
   209     0.77872491     0.00367666
   210     0.77734733     0.00367653
   211     0.77596938     0.00367633
   212     0.77459104     0.00367607
   213     0.77321228     0.00367575
   214     0.77183308     0.00367536
   215     0.77045344     0.00367493
   216     0.76907334     0.00367444
   217     0.76769277     0.00367391
   218     0.76631171     0.00367333
   219     0.76493016     0.00367271
   220     0.76354810     0.00367206
   221     0.76216555     0.00367136
   222     0.76078248     0.00367064
   223     0.75939890     0.00366989
   224     0.75801482     0.00366911
   225     0.75663025     0.00366830
   226     0.75524516     0.00366747
   227     0.75385959     0.00366661
   228     0.75247352     0.00366573
   229     0.75108700     0.00366483
   230     0.74970001     0.00366392
   231     0.74831259     0.00366298
   232     0.74692473     0.00366203
   233     0.74553647     0.00366105
   234     0.74414780     0.00366006
   235     0.74275877     0.00365906
   236     0.74136939     0.00365804
   237     0.73997969     0.00365700
   238     0.73858970     0.00365594
   239     0.73719942     0.00365487
   240     0.73580889     0.00365379
   241     0.73441815     0.00365269
   242     0.73302721     0.00365157
   243     0.73163612     0.00365045
   244     0.73024489     0.00364930
   245     0.72885357     0.00364815
   246     0.72746218     0.00364698
   247     0.72607075     0.00364579
   248     0.72467932     0.00364460
   249     0.72328793     0.00364339
   250     0.72189661     0.00364218
   251     0.72050536     0.00364095
   252     0.71911426     0.00363972
   253     0.71772332     0.00363848
   254     0.71633258     0.00363723
   255     0.71494205     0.00363599
   256     0.71355180     0.00363473
   257     0.71216184     0.00363348
   258     0.71077220     0.00363223
   259     0.70938293     0.00363098
   260     0.70799403     0.00362974
   261     0.70660557     0.00362851
   262     0.70521753     0.00362729
   263     0.70382998     0.00362608
   264     0.70244294     0.00362488
   265     0.70105641     0.00362370
   266     0.69967045     0.00362255
   267     0.69828505     0.00362141
   268     0.69690028     0.00362031
   269     0.69551612     0.00361923
   270     0.69413262     0.00361818
   271     0.69274978     0.00361716
   272     0.69136764     0.00361619
   273     0.68998621     0.00361525
   274     0.68860550     0.00361436
   275     0.68722554     0.00361350
   276     0.68584634     0.00361270
   277     0.68446790     0.00361195
   278     0.68309026     0.00361125
   279     0.68171342     0.00361060
   280     0.68033738     0.00361001
   281     0.67896215     0.00360947
   282     0.67758776     0.00360900
   283     0.67621421     0.00360858
   284     0.67484148     0.00360823
   285     0.67346961     0.00360795
   286     0.67209858     0.00360773
   287     0.67072842     0.00360757
   288     0.66935910     0.00360749
   289     0.66799063     0.00360747
   290     0.66662302     0.00360752
   291     0.66525627     0.00360763
   292     0.66389036     0.00360782
   293     0.66252531     0.00360807
   294     0.66116110     0.00360840
   295     0.65979772     0.00360879
   296     0.65843519     0.00360924
   297     0.65707347     0.00360976
   298     0.65571258     0.00361035
   299     0.65435251     0.00361100
   300     0.65299321     0.00361171
   301     0.65163473     0.00361248
   302     0.65027703     0.00361331
   303     0.64892010     0.00361420
   304     0.64756392     0.00361514
   305     0.64620849     0.00361614
   306     0.64485380     0.00361718
   307     0.64349983     0.00361827
   308     0.64214657     0.00361941
   309     0.64079400     0.00362058
   310     0.63944209     0.00362180
   311     0.63809086     0.00362305
   312     0.63674027     0.00362433
   313     0.63539032     0.00362564
   314     0.63404098     0.00362698
   315     0.63269224     0.00362833
   316     0.63134408     0.00362971
   317     0.62999648     0.00363110
   318     0.62864941     0.00363250
   319     0.62730290     0.00363391
   320     0.62595687     0.00363531
   321     0.62461137     0.00363672
   322     0.62326632     0.00363812
   323     0.62192173     0.00363952
   324     0.62057758     0.00364090
   325     0.61923386     0.00364226
   326     0.61789053     0.00364360
   327     0.61654759     0.00364492
   328     0.61520503     0.00364620
   329     0.61386282     0.00364746
   330     0.61252093     0.00364868
   331     0.61117936     0.00364986
   332     0.60983810     0.00365100
   333     0.60849713     0.00365209
   334     0.60715641     0.00365314
   335     0.60581595     0.00365413
   336     0.60447572     0.00365507
   337     0.60313571     0.00365595
   338     0.60179591     0.00365678
   339     0.60045631     0.00365754
   340     0.59911688     0.00365824
   341     0.59777763     0.00365888
   342     0.59643854     0.00365945
   343     0.59509958     0.00365996
   344     0.59376075     0.00366040
   345     0.59242205     0.00366077
   346     0.59108347     0.00366108
   347     0.58974500     0.00366132
   348     0.58840662     0.00366150
   349     0.58706834     0.00366161
   350     0.58573014     0.00366165
   351     0.58439204     0.00366163
   352     0.58305401     0.00366155
   353     0.58171606     0.00366142
   354     0.58037821     0.00366122
   355     0.57904041     0.00366097
   356     0.57770270     0.00366067
   357     0.57636509     0.00366031
   358     0.57502755     0.00365991
   359     0.57369012     0.00365947
   360     0.57235278     0.00365899
   361     0.57101555     0.00365846
   362     0.56967844     0.00365791
   363     0.56834146     0.00365733
   364     0.56700463     0.00365672
   365     0.56566794     0.00365609
   366     0.56433143     0.00365544
   367     0.56299510     0.00365477
   368     0.56165898     0.00365410
   369     0.56032309     0.00365342
   370     0.55898744     0.00365274
   371     0.55765207     0.00365206
   372     0.55631699     0.00365138
   373     0.55498223     0.00365072
   374     0.55364782     0.00365006
   375     0.55231378     0.00364942
   376     0.55098015     0.00364880
   377     0.54964695     0.00364821
   378     0.54831424     0.00364764
   379     0.54698201     0.00364709
   380     0.54565032     0.00364658
   381     0.54431922     0.00364610
   382     0.54298872     0.00364566
   383     0.54165888     0.00364525
   384     0.54032974     0.00364488
   385     0.53900131     0.00364456
   386     0.53767368     0.00364428
   387     0.53634686     0.00364404
   388     0.53502091     0.00364384
   389     0.53369586     0.00364369
   390     0.53237177     0.00364359
   391     0.53104867     0.00364353
   392     0.52972663     0.00364352
   393     0.52840569     0.00364356
   394     0.52708589     0.00364364
   395     0.52576728     0.00364377
   396     0.52444991     0.00364394
   397     0.52313383     0.00364415
   398     0.52181910     0.00364441
   399     0.52050576     0.00364470
   400     0.51919384     0.00364504
   401     0.51788343     0.00364541
   402     0.51657454     0.00364582
   403     0.51526725     0.00364626
   404     0.51396158     0.00364673
   405     0.51265762     0.00364723
   406     0.51135537     0.00364776
   407     0.51005490     0.00364831
   408     0.50875626     0.00364888
   409     0.50745948     0.00364946
   410     0.50616461     0.00365006
   411     0.50487171     0.00365067
   412     0.50358081     0.00365129
   413     0.50229196     0.00365191
   414     0.50100518     0.00365254
   415     0.49972052     0.00365316
   416     0.49843803     0.00365377
   417     0.49715774     0.00365437
   418     0.49587968     0.00365496
   419     0.49460389     0.00365553
   420     0.49333039     0.00365608
   421     0.49205923     0.00365660
   422     0.49079042     0.00365709
   423     0.48952401     0.00365755
   424     0.48826000     0.00365798
   425     0.48699844     0.00365836
   426     0.48573933     0.00365871
   427     0.48448271     0.00365900
   428     0.48322859     0.00365925
   429     0.48197700     0.00365944
   430     0.48072792     0.00365959
   431     0.47948142     0.00365967
   432     0.47823746     0.00365969
   433     0.47699608     0.00365965
   434     0.47575728     0.00365955
   435     0.47452106     0.00365939
   436     0.47328746     0.00365915
   437     0.47205643     0.00365886
   438     0.47082801     0.00365849
   439     0.46960220     0.00365806
   440     0.46837899     0.00365755
   441     0.46715838     0.00365699
   442     0.46594036     0.00365635
   443     0.46472493     0.00365565
   444     0.46351210     0.00365489
   445     0.46230183     0.00365407
   446     0.46109413     0.00365319
   447     0.45988899     0.00365225
   448     0.45868641     0.00365126
   449     0.45748637     0.00365023
   450     0.45628883     0.00364914
   451     0.45509382     0.00364802
   452     0.45390131     0.00364687
   453     0.45271127     0.00364568
   454     0.45152369     0.00364447
   455     0.45033856     0.00364324
   456     0.44915588     0.00364200
   457     0.44797560     0.00364076
   458     0.44679773     0.00363951
   459     0.44562224     0.00363827
   460     0.44444911     0.00363705
   461     0.44327832     0.00363584
   462     0.44210987     0.00363467
   463     0.44094372     0.00363354
   464     0.43977987     0.00363244
   465     0.43861830     0.00363140
   466     0.43745897     0.00363042
   467     0.43630189     0.00362950
   468     0.43514704     0.00362866
   469     0.43399439     0.00362789
   470     0.43284395     0.00362721
   471     0.43169568     0.00362663
   472     0.43054956     0.00362615
   473     0.42940561     0.00362577
   474     0.42826378     0.00362550
   475     0.42712407     0.00362535
   476     0.42598649     0.00362532
   477     0.42485101     0.00362542
   478     0.42371761     0.00362564
   479     0.42258630     0.00362600
   480     0.42145705     0.00362650
   481     0.42032986     0.00362714
   482     0.41920475     0.00362791
   483     0.41808166     0.00362883
   484     0.41696063     0.00362989
   485     0.41584163     0.00363110
   486     0.41472467     0.00363245
   487     0.41360974     0.00363394
   488     0.41249684     0.00363556
   489     0.41138596     0.00363733
   490     0.41027710     0.00363923
   491     0.40917026     0.00364127
   492     0.40806545     0.00364343
   493     0.40696266     0.00364572
   494     0.40586190     0.00364813
   495     0.40476315     0.00365065
   496     0.40366641     0.00365328
   497     0.40257173     0.00365601
   498     0.40147905     0.00365884
   499     0.40038841     0.00366176
   500     0.39929980     0.00366476
   501     0.39821322     0.00366784
   502     0.39712867     0.00367098
   503     0.39604616     0.00367418
   504     0.39496570     0.00367743
   505     0.39388727     0.00368072
   506     0.39281089     0.00368405
   507     0.39173656     0.00368740
   508     0.39066427     0.00369077
   509     0.38959404     0.00369415
   510     0.38852584     0.00369752
   511     0.38745970     0.00370089
   512     0.38639560     0.00370424
   513     0.38533357     0.00370756
   514     0.38427356     0.00371085
   515     0.38321560     0.00371409
   516     0.38215969     0.00371729
   517     0.38110581     0.00372042
   518     0.38005396     0.00372349
   519     0.37900415     0.00372649
   520     0.37795634     0.00372940
   521     0.37691057     0.00373223
   522     0.37586679     0.00373497
   523     0.37482502     0.00373761
   524     0.37378522     0.00374014
   525     0.37274742     0.00374256
   526     0.37171156     0.00374487
   527     0.37067768     0.00374705
   528     0.36964574     0.00374912
   529     0.36861571     0.00375105
   530     0.36758762     0.00375286
   531     0.36656140     0.00375453
   532     0.36553707     0.00375607
   533     0.36451460     0.00375747
   534     0.36349397     0.00375873
   535     0.36247518     0.00375985
   536     0.36145818     0.00376084
   537     0.36044299     0.00376168
   538     0.35942954     0.00376238
   539     0.35841784     0.00376294
   540     0.35740786     0.00376337
   541     0.35639958     0.00376366
   542     0.35539298     0.00376381
   543     0.35438802     0.00376384
   544     0.35338470     0.00376374
   545     0.35238298     0.00376351
   546     0.35138284     0.00376316
   547     0.35038425     0.00376270
   548     0.34938720     0.00376213
   549     0.34839166     0.00376145
   550     0.34739759     0.00376067
   551     0.34640499     0.00375980
   552     0.34541383     0.00375884
   553     0.34442408     0.00375780
   554     0.34343572     0.00375668
   555     0.34244872     0.00375549
   556     0.34146308     0.00375424
   557     0.34047876     0.00375294
   558     0.33949573     0.00375159
   559     0.33851399     0.00375020
   560     0.33753352     0.00374877
   561     0.33655431     0.00374733
   562     0.33557631     0.00374587
   563     0.33459952     0.00374440
   564     0.33362394     0.00374292
   565     0.33264953     0.00374146
   566     0.33167628     0.00374000
   567     0.33070421     0.00373857
   568     0.32973327     0.00373717
   569     0.32876347     0.00373580
   570     0.32779479     0.00373448
   571     0.32682724     0.00373320
   572     0.32586080     0.00373198
   573     0.32489546     0.00373082
   574     0.32393123     0.00372972
   575     0.32296811     0.00372869
   576     0.32200606     0.00372774
   577     0.32104513     0.00372688
   578     0.32008531     0.00372609
   579     0.31912659     0.00372539
   580     0.31816898     0.00372479
   581     0.31721248     0.00372427
   582     0.31625709     0.00372385
   583     0.31530285     0.00372353
   584     0.31434972     0.00372331
   585     0.31339775     0.00372319
   586     0.31244695     0.00372316
   587     0.31149730     0.00372324
   588     0.31054883     0.00372341
   589     0.30960156     0.00372369
   590     0.30865549     0.00372406
   591     0.30771065     0.00372452
   592     0.30676705     0.00372508
   593     0.30582470     0.00372572
   594     0.30488363     0.00372646
   595     0.30394385     0.00372728
   596     0.30300538     0.00372818
   597     0.30206823     0.00372916
   598     0.30113242     0.00373021
   599     0.30019798     0.00373134
   600     0.29926492     0.00373253
   601     0.29833326     0.00373378
   602     0.29740302     0.00373509
   603     0.29647422     0.00373646
   604     0.29554688     0.00373788
   605     0.29462100     0.00373934
   606     0.29369662     0.00374084
   607     0.29277375     0.00374238
   608     0.29185241     0.00374396
   609     0.29093261     0.00374556
   610     0.29001435     0.00374719
   611     0.28909767     0.00374884
   612     0.28818259     0.00375051
   613     0.28726911     0.00375220
   614     0.28635723     0.00375390
   615     0.28544698     0.00375560
   616     0.28453837     0.00375732
   617     0.28363141     0.00375904
   618     0.28272609     0.00376076
   619     0.28182243     0.00376247
   620     0.28092044     0.00376419
   621     0.28002012     0.00376590
   622     0.27912149     0.00376761
   623     0.27822453     0.00376931
   624     0.27732924     0.00377100
   625     0.27643564     0.00377268
   626     0.27554371     0.00377436
   627     0.27465347     0.00377602
   628     0.27376490     0.00377767
   629     0.27287799     0.00377932
   630     0.27199277     0.00378095
   631     0.27110918     0.00378257
   632     0.27022725     0.00378418
   633     0.26934697     0.00378578
   634     0.26846831     0.00378736
   635     0.26759127     0.00378894
   636     0.26671585     0.00379051
   637     0.26584200     0.00379207
   638     0.26496975     0.00379363
   639     0.26409906     0.00379517
   640     0.26322991     0.00379671
   641     0.26236230     0.00379824
   642     0.26149622     0.00379977
   643     0.26063162     0.00380129
   644     0.25976852     0.00380280
   645     0.25890686     0.00380431
   646     0.25804666     0.00380582
   647     0.25718787     0.00380733
   648     0.25633049     0.00380884
   649     0.25547450     0.00381034
   650     0.25461987     0.00381185
   651     0.25376658     0.00381335
   652     0.25291463     0.00381486
   653     0.25206398     0.00381636
   654     0.25121461     0.00381787
   655     0.25036652     0.00381938
   656     0.24951965     0.00382090
   657     0.24867403     0.00382242
   658     0.24782963     0.00382394
   659     0.24698641     0.00382548
   660     0.24614438     0.00382701
   661     0.24530350     0.00382856
   662     0.24446378     0.00383011
   663     0.24362518     0.00383167
   664     0.24278771     0.00383324
   665     0.24195133     0.00383481
   666     0.24111608     0.00383640
   667     0.24028189     0.00383801
   668     0.23944876     0.00383962
   669     0.23861673     0.00384125
   670     0.23778574     0.00384289
   671     0.23695581     0.00384455
   672     0.23612693     0.00384622
   673     0.23529909     0.00384791
   674     0.23447229     0.00384962
   675     0.23364654     0.00385134
   676     0.23282183     0.00385309
   677     0.23199816     0.00385486
   678     0.23117554     0.00385664
   679     0.23035396     0.00385845
   680     0.22953345     0.00386028
   681     0.22871399     0.00386213
   682     0.22789560     0.00386401
   683     0.22707829     0.00386590
   684     0.22626205     0.00386782
   685     0.22544693     0.00386977
   686     0.22463292     0.00387174
   687     0.22382001     0.00387373
   688     0.22300826     0.00387574
   689     0.22219766     0.00387778
   690     0.22138821     0.00387983
   691     0.22057996     0.00388191
   692     0.21977291     0.00388401
   693     0.21896709     0.00388613
   694     0.21816250     0.00388826
   695     0.21735916     0.00389042
   696     0.21655710     0.00389258
   697     0.21575634     0.00389476
   698     0.21495691     0.00389696
   699     0.21415883     0.00389916
   700     0.21336210     0.00390137
   701     0.21256676     0.00390358
   702     0.21177284     0.00390580
   703     0.21098033     0.00390802
   704     0.21018929     0.00391024
   705     0.20939971     0.00391245
   706     0.20861164     0.00391466
   707     0.20782508     0.00391686
   708     0.20704007     0.00391905
   709     0.20625661     0.00392123
   710     0.20547474     0.00392339
   711     0.20469447     0.00392553
   712     0.20391583     0.00392766
   713     0.20313882     0.00392976
   714     0.20236348     0.00393184
   715     0.20158982     0.00393389
   716     0.20081786     0.00393591
   717     0.20004760     0.00393791
   718     0.19927908     0.00393987
   719     0.19851231     0.00394180
   720     0.19774729     0.00394371
   721     0.19698404     0.00394558
   722     0.19622259     0.00394741
   723     0.19546293     0.00394922
   724     0.19470506     0.00395099
   725     0.19394902     0.00395274
   726     0.19319481     0.00395445
   727     0.19244243     0.00395613
   728     0.19169189     0.00395779
   729     0.19094321     0.00395942
   730     0.19019637     0.00396103
   731     0.18945138     0.00396261
   732     0.18870825     0.00396418
   733     0.18796697     0.00396573
   734     0.18722756     0.00396727
   735     0.18649000     0.00396881
   736     0.18575432     0.00397034
   737     0.18502048     0.00397186
   738     0.18428851     0.00397339
   739     0.18355837     0.00397493
   740     0.18283009     0.00397648
   741     0.18210365     0.00397805
   742     0.18137905     0.00397964
   743     0.18065627     0.00398125
   744     0.17993533     0.00398289
   745     0.17921619     0.00398456
   746     0.17849886     0.00398628
   747     0.17778334     0.00398803
   748     0.17706959     0.00398984
   749     0.17635764     0.00399169
   750     0.17564745     0.00399360
   751     0.17493904     0.00399557
   752     0.17423236     0.00399760
   753     0.17352743     0.00399969
   754     0.17282424     0.00400186
   755     0.17212275     0.00400409
   756     0.17142298     0.00400640
   757     0.17072491     0.00400878
   758     0.17002853     0.00401124
   759     0.16933382     0.00401378
   760     0.16864080     0.00401640
   761     0.16794940     0.00401911
   762     0.16725967     0.00402189
   763     0.16657158     0.00402476
   764     0.16588512     0.00402771
   765     0.16520027     0.00403075
   766     0.16451705     0.00403387
   767     0.16383541     0.00403707
   768     0.16315537     0.00404036
   769     0.16247691     0.00404373
   770     0.16180005     0.00404718
   771     0.16112475     0.00405071
   772     0.16045102     0.00405432
   773     0.15977884     0.00405801
   774     0.15910823     0.00406178
   775     0.15843915     0.00406562
   776     0.15777163     0.00406955
   777     0.15710566     0.00407354
   778     0.15644123     0.00407762
   779     0.15577832     0.00408177
   780     0.15511695     0.00408599
   781     0.15445712     0.00409029
   782     0.15379880     0.00409466
   783     0.15314203     0.00409911
   784     0.15248678     0.00410363
   785     0.15183306     0.00410823
   786     0.15118086     0.00411290
   787     0.15053020     0.00411765
   788     0.14988106     0.00412248
   789     0.14923345     0.00412738
   790     0.14858738     0.00413237
   791     0.14794283     0.00413744
   792     0.14729982     0.00414260
   793     0.14665835     0.00414784
   794     0.14601841     0.00415316
   795     0.14538001     0.00415858
   796     0.14474316     0.00416408
   797     0.14410784     0.00416968
   798     0.14347407     0.00417537
   799     0.14284185     0.00418116
   800     0.14221118     0.00418705
   801     0.14158206     0.00419303
   802     0.14095449     0.00419911
   803     0.14032848     0.00420530
   804     0.13970402     0.00421158
   805     0.13908112     0.00421797
   806     0.13845978     0.00422446
   807     0.13784000     0.00423104
   808     0.13722177     0.00423773
   809     0.13660510     0.00424452
   810     0.13598999     0.00425140
   811     0.13537645     0.00425838
   812     0.13476445     0.00426545
   813     0.13415401     0.00427261
   814     0.13354513     0.00427986
   815     0.13293780     0.00428719
   816     0.13233202     0.00429460
   817     0.13172778     0.00430208
   818     0.13112509     0.00430963
   819     0.13052394     0.00431725
   820     0.12992433     0.00432493
   821     0.12932625     0.00433266
   822     0.12872970     0.00434044
   823     0.12813467     0.00434826
   824     0.12754116     0.00435611
   825     0.12694916     0.00436399
   826     0.12635867     0.00437190
   827     0.12576969     0.00437982
   828     0.12518220     0.00438775
   829     0.12459620     0.00439568
   830     0.12401168     0.00440361
   831     0.12342864     0.00441152
   832     0.12284708     0.00441942
   833     0.12226698     0.00442730
   834     0.12168834     0.00443515
   835     0.12111116     0.00444296
   836     0.12053542     0.00445074
   837     0.11996113     0.00445847
   838     0.11938827     0.00446615
   839     0.11881684     0.00447379
   840     0.11824684     0.00448136
   841     0.11767826     0.00448888
   842     0.11711110     0.00449633
   843     0.11654535     0.00450372
   844     0.11598102     0.00451105
   845     0.11541809     0.00451831
   846     0.11485657     0.00452550
   847     0.11429645     0.00453262
   848     0.11373774     0.00453968
   849     0.11318043     0.00454667
   850     0.11262453     0.00455359
   851     0.11207003     0.00456045
   852     0.11151694     0.00456725
   853     0.11096526     0.00457399
   854     0.11041499     0.00458067
   855     0.10986615     0.00458730
   856     0.10931873     0.00459388
   857     0.10877274     0.00460042
   858     0.10822819     0.00460691
   859     0.10768509     0.00461336
   860     0.10714344     0.00461979
   861     0.10660326     0.00462618
   862     0.10606456     0.00463256
   863     0.10552735     0.00463892
   864     0.10499165     0.00464527
   865     0.10445746     0.00465161
   866     0.10392481     0.00465796
   867     0.10339371     0.00466431
   868     0.10286417     0.00467068
   869     0.10233621     0.00467707
   870     0.10180986     0.00468349
   871     0.10128513     0.00468994
   872     0.10076204     0.00469643
   873     0.10024061     0.00470297
   874     0.09972086     0.00470956
   875     0.09920282     0.00471621
   876     0.09868651     0.00472293
   877     0.09817195     0.00472973
   878     0.09765917     0.00473661
   879     0.09714819     0.00474357
   880     0.09663902     0.00475063
   881     0.09613171     0.00475778
   882     0.09562627     0.00476505
   883     0.09512273     0.00477243
   884     0.09462111     0.00477993
   885     0.09412144     0.00478755
   886     0.09362374     0.00479531
   887     0.09312804     0.00480321
   888     0.09263437     0.00481126
   889     0.09214274     0.00481945
   890     0.09165318     0.00482780
   891     0.09116571     0.00483631
   892     0.09068037     0.00484499
   893     0.09019716     0.00485384
   894     0.08971611     0.00486287
   895     0.08923725     0.00487208
   896     0.08876059     0.00488148
   897     0.08828615     0.00489107
   898     0.08781395     0.00490085
   899     0.08734400     0.00491083
   900     0.08687633     0.00492101
   901     0.08641094     0.00493139
   902     0.08594786     0.00494198
   903     0.08548709     0.00495278
   904     0.08502864     0.00496379
   905     0.08457253     0.00497501
   906     0.08411876     0.00498644
   907     0.08366734     0.00499809
   908     0.08321827     0.00500995
   909     0.08277156     0.00502203
   910     0.08232720     0.00503432
   911     0.08188521     0.00504683
   912     0.08144557     0.00505955
   913     0.08100829     0.00507248
   914     0.08057336     0.00508562
   915     0.08014077     0.00509897
   916     0.07971051     0.00511253
   917     0.07928258     0.00512629
   918     0.07885696     0.00514025
   919     0.07843365     0.00515441
   920     0.07801262     0.00516876
   921     0.07759385     0.00518330
   922     0.07717734     0.00519804
   923     0.07676306     0.00521295
   924     0.07635098     0.00522805
   925     0.07594109     0.00524332
   926     0.07553337     0.00525876
   927     0.07512778     0.00527437
   928     0.07472429     0.00529014
   929     0.07432289     0.00530607
   930     0.07392354     0.00532215
   931     0.07352620     0.00533838
   932     0.07313085     0.00535475
   933     0.07273745     0.00537127
   934     0.07234598     0.00538791
   935     0.07195639     0.00540469
   936     0.07156864     0.00542159
   937     0.07118271     0.00543861
   938     0.07079855     0.00545575
   939     0.07041612     0.00547300
   940     0.07003539     0.00549035
   941     0.06965632     0.00550781
   942     0.06927887     0.00552537
   943     0.06890300     0.00554302
   944     0.06852867     0.00556076
   945     0.06815584     0.00557859
   946     0.06778447     0.00559651
   947     0.06741452     0.00561450
   948     0.06704595     0.00563257
   949     0.06667872     0.00565071
   950     0.06631281     0.00566893
   951     0.06594815     0.00568721
   952     0.06558473     0.00570556
   953     0.06522251     0.00572397
   954     0.06486144     0.00574245
   955     0.06450149     0.00576099
   956     0.06414263     0.00577958
   957     0.06378483     0.00579824
   958     0.06342806     0.00581696
   959     0.06307227     0.00583574
   960     0.06271745     0.00585457
   961     0.06236357     0.00587347
   962     0.06201060     0.00589243
   963     0.06165851     0.00591145
   964     0.06130728     0.00593054
   965     0.06095689     0.00594970
   966     0.06060731     0.00596892
   967     0.06025854     0.00598822
   968     0.05991054     0.00600760
   969     0.05956331     0.00602706
   970     0.05921683     0.00604661
   971     0.05887108     0.00606625
   972     0.05852606     0.00608599
   973     0.05818176     0.00610584
   974     0.05783817     0.00612579
   975     0.05749529     0.00614586
   976     0.05715310     0.00616605
   977     0.05681162     0.00618638
   978     0.05647083     0.00620684
   979     0.05613074     0.00622746
   980     0.05579135     0.00624823
   981     0.05545267     0.00626916
   982     0.05511471     0.00629027
   983     0.05477746     0.00631156
   984     0.05444095     0.00633305
   985     0.05410517     0.00635474
   986     0.05377015     0.00637664
   987     0.05343590     0.00639877
   988     0.05310244     0.00642112
   989     0.05276977     0.00644373
   990     0.05243791     0.00646658
   991     0.05210690     0.00648970
   992     0.05177674     0.00651309
   993     0.05144746     0.00653677
   994     0.05111908     0.00656075
   995     0.05079162     0.00658503
   996     0.05046511     0.00660963
   997     0.05013957     0.00663456
   998     0.04981503     0.00665983
   999     0.04949151     0.00668545
  1000     0.04916905     0.00671143
  1001     0.04884765     0.00673778
  1002     0.04852737     0.00676451
  1003     0.04820822     0.00679164
  1004     0.04789023     0.00681917
  1005     0.04757343     0.00684712
  1006     0.04725784     0.00687549
  1007     0.04694351     0.00690431
  1008     0.04663045     0.00693357
  1009     0.04631869     0.00696329
  1010     0.04600827     0.00699348
  1011     0.04569921     0.00702415
  1012     0.04539153     0.00705532
  1013     0.04508528     0.00708699
  1014     0.04478046     0.00711917
  1015     0.04447711     0.00715188
  1016     0.04417526     0.00718512
  1017     0.04387493     0.00721890
  1018     0.04357615     0.00725324
  1019     0.04327893     0.00728813
  1020     0.04298330     0.00732360
  1021     0.04268929     0.00735964
  1022     0.04239692     0.00739627
  1023     0.04210620     0.00743349
  1024     0.04181716     0.00747130
  1025     0.04152981     0.00750972
  1026     0.04124418     0.00754873
  1027     0.04096027     0.00758835
  1028     0.04067811     0.00762858
  1029     0.04039771     0.00766941
  1030     0.04011908     0.00771084
  1031     0.03984224     0.00775287
  1032     0.03956719     0.00779550
  1033     0.03929395     0.00783871
  1034     0.03902252     0.00788250
  1035     0.03875292     0.00792686
  1036     0.03848514     0.00797178
  1037     0.03821920     0.00801724
  1038     0.03795510     0.00806323
  1039     0.03769284     0.00810972
  1040     0.03743243     0.00815671
  1041     0.03717386     0.00820417
  1042     0.03691714     0.00825208
  1043     0.03666226     0.00830041
  1044     0.03640922     0.00834914
  1045     0.03615802     0.00839824
  1046     0.03590866     0.00844769
  1047     0.03566112     0.00849745
  1048     0.03541540     0.00854749
  1049     0.03517150     0.00859779
  1050     0.03492941     0.00864831
  1051     0.03468911     0.00869901
  1052     0.03445060     0.00874988
  1053     0.03421386     0.00880088
  1054     0.03397889     0.00885196
  1055     0.03374567     0.00890312
  1056     0.03351418     0.00895430
  1057     0.03328442     0.00900549
  1058     0.03305638     0.00905665
  1059     0.03283002     0.00910777
  1060     0.03260534     0.00915881
  1061     0.03238232     0.00920975
  1062     0.03216095     0.00926058
  1063     0.03194120     0.00931127
  1064     0.03172306     0.00936182
  1065     0.03150651     0.00941220
  1066     0.03129153     0.00946242
  1067     0.03107810     0.00951246
  1068     0.03086620     0.00956233
  1069     0.03065581     0.00961203
  1070     0.03044691     0.00966157
  1071     0.03023948     0.00971095
  1072     0.03003350     0.00976020
  1073     0.02982894     0.00980933
  1074     0.02962579     0.00985837
  1075     0.02942403     0.00990734
  1076     0.02922362     0.00995628
  1077     0.02902456     0.01000522
  1078     0.02882682     0.01005420
  1079     0.02863037     0.01010328
  1080     0.02843520     0.01015249
  1081     0.02824128     0.01020189
  1082     0.02804859     0.01025154
  1083     0.02785711     0.01030149
  1084     0.02766682     0.01035181
  1085     0.02747769     0.01040255
  1086     0.02728971     0.01045379
  1087     0.02710285     0.01050560
  1088     0.02691709     0.01055803
  1089     0.02673240     0.01061117
  1090     0.02654878     0.01066508
  1091     0.02636620     0.01071983
  1092     0.02618463     0.01077549
  1093     0.02600406     0.01083213
  1094     0.02582447     0.01088982
  1095     0.02564584     0.01094862
  1096     0.02546814     0.01100858
  1097     0.02529136     0.01106978
  1098     0.02511548     0.01113226
  1099     0.02494048     0.01119607
  1100     0.02476635     0.01126126
  1101     0.02459305     0.01132787
  1102     0.02442059     0.01139594
  1103     0.02424894     0.01146549
  1104     0.02407807     0.01153655
  1105     0.02390799     0.01160914
  1106     0.02373867     0.01168326
  1107     0.02357009     0.01175893
  1108     0.02340224     0.01183614
  1109     0.02323511     0.01191488
  1110     0.02306868     0.01199514
  1111     0.02290294     0.01207690
  1112     0.02273788     0.01216013
  1113     0.02257348     0.01224480
  1114     0.02240973     0.01233087
  1115     0.02224662     0.01241830
  1116     0.02208414     0.01250703
  1117     0.02192229     0.01259703
  1118     0.02176103     0.01268823
  1119     0.02160038     0.01278056
  1120     0.02144032     0.01287398
  1121     0.02128085     0.01296842
  1122     0.02112195     0.01306381
  1123     0.02096363     0.01316009
  1124     0.02080587     0.01325718
  1125     0.02064866     0.01335503
  1126     0.02049202     0.01345356
  1127     0.02033592     0.01355272
  1128     0.02018037     0.01365245
  1129     0.02002537     0.01375268
  1130     0.01987090     0.01385336
  1131     0.01971698     0.01395445
  1132     0.01956360     0.01405589
  1133     0.01941077     0.01415766
  1134     0.01925847     0.01425970
  1135     0.01910672     0.01436200
  1136     0.01895551     0.01446453
  1137     0.01880485     0.01456728
  1138     0.01865474     0.01467024
  1139     0.01850519     0.01477341
  1140     0.01835619     0.01487680
  1141     0.01820777     0.01498041
  1142     0.01805991     0.01508428
  1143     0.01791263     0.01518843
  1144     0.01776593     0.01529289
  1145     0.01761982     0.01539772
  1146     0.01747432     0.01550295
  1147     0.01732942     0.01560865
  1148     0.01718514     0.01571488
  1149     0.01704149     0.01582172
  1150     0.01689847     0.01592922
  1151     0.01675610     0.01603748
  1152     0.01661438     0.01614657
  1153     0.01647334     0.01625659
  1154     0.01633298     0.01636761
  1155     0.01619330     0.01647973
  1156     0.01605433     0.01659305
  1157     0.01591608     0.01670766
  1158     0.01577855     0.01682364
  1159     0.01564177     0.01694109
  1160     0.01550574     0.01706010
  1161     0.01537047     0.01718075
  1162     0.01523598     0.01730313
  1163     0.01510229     0.01742731
  1164     0.01496940     0.01755338
  1165     0.01483732     0.01768139
  1166     0.01470608     0.01781140
  1167     0.01457567     0.01794349
  1168     0.01444612     0.01807768
  1169     0.01431744     0.01821403
  1170     0.01418963     0.01835256
  1171     0.01406272     0.01849330
  1172     0.01393670     0.01863627
  1173     0.01381159     0.01878146
  1174     0.01368741     0.01892889
  1175     0.01356416     0.01907855
  1176     0.01344185     0.01923041
  1177     0.01332049     0.01938446
  1178     0.01320009     0.01954065
  1179     0.01308065     0.01969897
  1180     0.01296219     0.01985935
  1181     0.01284471     0.02002176
  1182     0.01272821     0.02018612
  1183     0.01261271     0.02035240
  1184     0.01249820     0.02052052
  1185     0.01238470     0.02069042
  1186     0.01227220     0.02086202
  1187     0.01216070     0.02103527
  1188     0.01205022     0.02121009
  1189     0.01194074     0.02138642
  1190     0.01183228     0.02156418
  1191     0.01172483     0.02174331
  1192     0.01161839     0.02192375
  1193     0.01151295     0.02210544
  1194     0.01140852     0.02228833
  1195     0.01130510     0.02247236
  1196     0.01120267     0.02265749
  1197     0.01110123     0.02284368
  1198     0.01100079     0.02303090
  1199     0.01090133     0.02321913
  1200     0.01080284     0.02340835
  1201     0.01070533     0.02359854
  1202     0.01060877     0.02378972
  1203     0.01051317     0.02398187
  1204     0.01041852     0.02417502
  1205     0.01032480     0.02436919
  1206     0.01023200     0.02456441
  1207     0.01014012     0.02476071
  1208     0.01004914     0.02495815
  1209     0.00995906     0.02515677
  1210     0.00986985     0.02535663
  1211     0.00978152     0.02555780
  1212     0.00969404     0.02576035
  1213     0.00960741     0.02596436
  1214     0.00952161     0.02616990
  1215     0.00943664     0.02637707
  1216     0.00935246     0.02658595
  1217     0.00926909     0.02679664
  1218     0.00918649     0.02700923
  1219     0.00910467     0.02722382
  1220     0.00902359     0.02744050
  1221     0.00894327     0.02765937
  1222     0.00886367     0.02788053
  1223     0.00878480     0.02810408
  1224     0.00870663     0.02833010
  1225     0.00862915     0.02855869
  1226     0.00855236     0.02878994
  1227     0.00847625     0.02902394
  1228     0.00840079     0.02926076
  1229     0.00832599     0.02950048
  1230     0.00825183     0.02974317
  1231     0.00817830     0.02998891
  1232     0.00810540     0.03023775
  1233     0.00803311     0.03048976
  1234     0.00796143     0.03074498
  1235     0.00789035     0.03100347
  1236     0.00781987     0.03126526
  1237     0.00774997     0.03153040
  1238     0.00768065     0.03179891
  1239     0.00761192     0.03207083
  1240     0.00754375     0.03234618
  1241     0.00747616     0.03262498
  1242     0.00740913     0.03290725
  1243     0.00734267     0.03319300
  1244     0.00727677     0.03348224
  1245     0.00721143     0.03377499
  1246     0.00714665     0.03407125
  1247     0.00708243     0.03437103
  1248     0.00701878     0.03467433
  1249     0.00695568     0.03498117
  1250     0.00689315     0.03529154
  1251     0.00683118     0.03560546
  1252     0.00676978     0.03592294
  1253     0.00670895     0.03624399
  1254     0.00664869     0.03656863
  1255     0.00658901     0.03689685
  1256     0.00652990     0.03722870
  1257     0.00647138     0.03756418
  1258     0.00641345     0.03790333
  1259     0.00635611     0.03824617
  1260     0.00629937     0.03859273
  1261     0.00624322     0.03894304
  1262     0.00618768     0.03929716
  1263     0.00613275     0.03965510
  1264     0.00607843     0.04001693
  1265     0.00602473     0.04038269
  1266     0.00597165     0.04075243
  1267     0.00591919     0.04112620
  1268     0.00586735     0.04150405
  1269     0.00581615     0.04188604
  1270     0.00576558     0.04227223
  1271     0.00571565     0.04266268
  1272     0.00566634     0.04305743
  1273     0.00561768     0.04345655
  1274     0.00556965     0.04386010
  1275     0.00552226     0.04426812
  1276     0.00547550     0.04468068
  1277     0.00542938     0.04509781
  1278     0.00538388     0.04551958
  1279     0.00533902     0.04594602
  1280     0.00529478     0.04637717
  1281     0.00525115     0.04681308
  1282     0.00520814     0.04725376
  1283     0.00516573     0.04769925
  1284     0.00512392     0.04814958
  1285     0.00508270     0.04860475
  1286     0.00504206     0.04906479
  1287     0.00500199     0.04952969
  1288     0.00496248     0.04999946
  1289     0.00492351     0.05047410
  1290     0.00488508     0.05095360
  1291     0.00484716     0.05143794
  1292     0.00480974     0.05192712
  1293     0.00477281     0.05242112
  1294     0.00473635     0.05291990
  1295     0.00470034     0.05342345
  1296     0.00466477     0.05393174
  1297     0.00462960     0.05444475
  1298     0.00459483     0.05496244
  1299     0.00456043     0.05548480
  1300     0.00452639     0.05601180
  1301     0.00449267     0.05654342
  1302     0.00445926     0.05707964
  1303     0.00442612     0.05762045
  1304     0.00439325     0.05816585
  1305     0.00436061     0.05871583
  1306     0.00432819     0.05927041
  1307     0.00429594     0.05982960
  1308     0.00426386     0.06039343
  1309     0.00423191     0.06096194
  1310     0.00420007     0.06153518
  1311     0.00416832     0.06211321
  1312     0.00413662     0.06269611
  1313     0.00410496     0.06328396
  1314     0.00407331     0.06387689
  1315     0.00404165     0.06447499
  1316     0.00400994     0.06507841
  1317     0.00397818     0.06568730
  1318     0.00394633     0.06630182
  1319     0.00391437     0.06692215
  1320     0.00388229     0.06754848
  1321     0.00385005     0.06818104
  1322     0.00381765     0.06882002
  1323     0.00378505     0.06946569
  1324     0.00375226     0.07011827
  1325     0.00371923     0.07077804
  1326     0.00368597     0.07144526
  1327     0.00365246     0.07212022
  1328     0.00361867     0.07280318
  1329     0.00358461     0.07349446
  1330     0.00355026     0.07419434
  1331     0.00351561     0.07490312
  1332     0.00348065     0.07562110
  1333     0.00344538     0.07634857
  1334     0.00340979     0.07708583
  1335     0.00337387     0.07783317
  1336     0.00333763     0.07859086
  1337     0.00330107     0.07935917
  1338     0.00326419     0.08013836
  1339     0.00322698     0.08092868
  1340     0.00318946     0.08173037
  1341     0.00315163     0.08254363
  1342     0.00311350     0.08336867
  1343     0.00307508     0.08420566
  1344     0.00303637     0.08505476
  1345     0.00299740     0.08591612
  1346     0.00295817     0.08678985
  1347     0.00291871     0.08767606
  1348     0.00287902     0.08857480
  1349     0.00283913     0.08948614
  1350     0.00279906     0.09041011
  1351     0.00275883     0.09134673
  1352     0.00271846     0.09229599
  1353     0.00267797     0.09325786
  1354     0.00263740     0.09423230
  1355     0.00259675     0.09521926
  1356     0.00255608     0.09621868
  1357     0.00251539     0.09723047
  1358     0.00247472     0.09825456
  1359     0.00243410     0.09929084
  1360     0.00239356     0.10033923
  1361     0.00235313     0.10139963
  1362     0.00231285     0.10247196
  1363     0.00227273     0.10355612
  1364     0.00223282     0.10465205
  1365     0.00219315     0.10575969
  1366     0.00215375     0.10687898
  1367     0.00211465     0.10800990
  1368     0.00207589     0.10915244
  1369     0.00203749     0.11030664
  1370     0.00199949     0.11147250
  1371     0.00196192     0.11265013
  1372     0.00192481     0.11383963
  1373     0.00188820     0.11504113
  1374     0.00185210     0.11625481
  1375     0.00181656     0.11748087
  1376     0.00178159     0.11871957
  1377     0.00174723     0.11997120
  1378     0.00171351     0.12123608
  1379     0.00168044     0.12251458
  1380     0.00164805     0.12380709
  1381     0.00161636     0.12511408
  1382     0.00158540     0.12643602
  1383     0.00155518     0.12777343
  1384     0.00152573     0.12912686
  1385     0.00149706     0.13049690
  1386     0.00146918     0.13188414
  1387     0.00144211     0.13328926
  1388     0.00141586     0.13471289
  1389     0.00139045     0.13615574
  1390     0.00136587     0.13761848
  1391     0.00134215     0.13910186
  1392     0.00131927     0.14060658
  1393     0.00129725     0.14213338
  1394     0.00127609     0.14368299
  1395     0.00125578     0.14525610
  1396     0.00123633     0.14685345
  1397     0.00121773     0.14847572
  1398     0.00119997     0.15012360
  1399     0.00118306     0.15179774
  1400     0.00116697     0.15349877
  1401     0.00115170     0.15522727
  1402     0.00113723     0.15698381
  1403     0.00112355     0.15876889
  1404     0.00111065     0.16058302
  1405     0.00109851     0.16242659
  1406     0.00108711     0.16430001
  1407     0.00107642     0.16620357
  1408     0.00106643     0.16813758
  1409     0.00105712     0.17010224
  1410     0.00104846     0.17209770
  1411     0.00104042     0.17412408
  1412     0.00103298     0.17618142
  1413     0.00102611     0.17826970
  1414     0.00101979     0.18038887
  1415     0.00101398     0.18253878
  1416     0.00100866     0.18471928
  1417     0.00100379     0.18693011
  1418     0.00099935     0.18917102
  1419     0.00099530     0.19144164
  1420     0.00099161     0.19374163
  1421     0.00098825     0.19607057
  1422     0.00098519     0.19842799
  1423     0.00098240     0.20081341
  1424     0.00097985     0.20322631
  1425     0.00097749     0.20566615
  1426     0.00097531     0.20813237
  1427     0.00097327     0.21062438
  1428     0.00097134     0.21314158
  1429     0.00096950     0.21568337
  1430     0.00096770     0.21824916
  1431     0.00096592     0.22083832
  1432     0.00096414     0.22345027
  1433     0.00096233     0.22608443
  1434     0.00096046     0.22874020
  1435     0.00095850     0.23141707
  1436     0.00095644     0.23411450
  1437     0.00095424     0.23683201
  1438     0.00095189     0.23956913
  1439     0.00094936     0.24232545
  1440     0.00094664     0.24510060
  1441     0.00094371     0.24789426
  1442     0.00094055     0.25070614
  1443     0.00093714     0.25353605
  1444     0.00093348     0.25638381
  1445     0.00092954     0.25924936
  1446     0.00092532     0.26213261
  1447     0.00092081     0.26503369
  1448     0.00091599     0.26795262
  1449     0.00091087     0.27088967
  1450     0.00090544     0.27384505
  1451     0.00089969     0.27681914
  1452     0.00089361     0.27981237
  1453     0.00088722     0.28282520
  1454     0.00088051     0.28585830
  1455     0.00087347     0.28891227
  1456     0.00086612     0.29198793
  1457     0.00085846     0.29508609
  1458     0.00085049     0.29820773
  1459     0.00084222     0.30135381
  1460     0.00083365     0.30452549
  1461     0.00082481     0.30772391
  1462     0.00081569     0.31095037
  1463     0.00080630     0.31420618
  1464     0.00079667     0.31749278
  1465     0.00078680     0.32081169
  1466     0.00077670     0.32416442
  1467     0.00076639     0.32755262
  1468     0.00075589     0.33097798
  1469     0.00074521     0.33444223
  1470     0.00073436     0.33794716
  1471     0.00072336     0.34149462
  1472     0.00071224     0.34508646
  1473     0.00070100     0.34872460
  1474     0.00068966     0.35241094
  1475     0.00067824     0.35614741
  1476     0.00066677     0.35993597
  1477     0.00065525     0.36377856
  1478     0.00064370     0.36767709
  1479     0.00063215     0.37163350
  1480     0.00062060     0.37564963
  1481     0.00060908     0.37972733
  1482     0.00059761     0.38386837
  1483     0.00058619     0.38807452
  1484     0.00057485     0.39234743
  1485     0.00056359     0.39668864
  1486     0.00055244     0.40109968
  1487     0.00054142     0.40558195
  1488     0.00053052     0.41013673
  1489     0.00051977     0.41476524
  1490     0.00050918     0.41946846
  1491     0.00049876     0.42424741
  1492     0.00048852     0.42910281
  1493     0.00047848     0.43403533
  1494     0.00046863     0.43904552
  1495     0.00045899     0.44413367
  1496     0.00044957     0.44929999
  1497     0.00044037     0.45454454
  1498     0.00043140     0.45986718
  1499     0.00042266     0.46526763
  1500     0.00041416     0.47074541
