# Wilkinson Microwave Anisotropy Probe (WMAP) 9 year data release, version 5.1
# Beam Transfer Function (amplitude) for differencing assembly W1,
# normalized to 1.0 at l=1.  The window function is the square of the
# beam transfer function.
# Reference = WMAP Explanatory Supplement: http://lambda.gsfc.nasa.gov/
# Column 1 = multipole moment l
# Column 2 = beam transfer function (amplitude), dimensionless units.
# Column 3 = 1-sigma frectional error,  delta_b_l / b_l.  See 
#             Hill et al. 2009 ApJ 180,246 for a detailed discussion of 
#             error computation.
#
     0     1.00001655     0.00000283
     1     1.00000000     0.00000000
     2     0.99996691     0.00000565
     3     0.99991729     0.00001412
     4     0.99985117     0.00002539
     5     0.99976856     0.00003945
     6     0.99966951     0.00005629
     7     0.99955406     0.00007587
     8     0.99942224     0.00009818
     9     0.99927411     0.00012319
    10     0.99910973     0.00015086
    11     0.99892917     0.00018116
    12     0.99873249     0.00021405
    13     0.99851979     0.00024948
    14     0.99829113     0.00028742
    15     0.99804661     0.00032780
    16     0.99778631     0.00037059
    17     0.99751035     0.00041573
    18     0.99721882     0.00046315
    19     0.99691185     0.00051280
    20     0.99658953     0.00056461
    21     0.99625199     0.00061853
    22     0.99589938     0.00067448
    23     0.99553177     0.00073238
    24     0.99514935     0.00079218
    25     0.99475222     0.00085380
    26     0.99434056     0.00091715
    27     0.99391447     0.00098216
    28     0.99347412     0.00104875
    29     0.99301966     0.00111685
    30     0.99255124     0.00118635
    31     0.99206901     0.00125719
    32     0.99157314     0.00132928
    33     0.99106379     0.00140253
    34     0.99054111     0.00147685
    35     0.99000528     0.00155216
    36     0.98945646     0.00162836
    37     0.98889481     0.00170537
    38     0.98832050     0.00178311
    39     0.98773371     0.00186147
    40     0.98713461     0.00194037
    41     0.98652335     0.00201973
    42     0.98590011     0.00209945
    43     0.98526506     0.00217945
    44     0.98461839     0.00225964
    45     0.98396024     0.00233993
    46     0.98329079     0.00242023
    47     0.98261023     0.00250046
    48     0.98191869     0.00258054
    49     0.98121635     0.00266039
    50     0.98050339     0.00273991
    51     0.97977997     0.00281904
    52     0.97904623     0.00289770
    53     0.97830235     0.00297580
    54     0.97754850     0.00305328
    55     0.97678481     0.00313006
    56     0.97601145     0.00320607
    57     0.97522857     0.00328124
    58     0.97443633     0.00335551
    59     0.97363486     0.00342881
    60     0.97282432     0.00350108
    61     0.97200485     0.00357226
    62     0.97117659     0.00364229
    63     0.97033967     0.00371113
    64     0.96949423     0.00377871
    65     0.96864043     0.00384499
    66     0.96777836     0.00390993
    67     0.96690818     0.00397348
    68     0.96602999     0.00403560
    69     0.96514392     0.00409625
    70     0.96425011     0.00415539
    71     0.96334866     0.00421300
    72     0.96243967     0.00426905
    73     0.96152328     0.00432351
    74     0.96059959     0.00437636
    75     0.95966871     0.00442756
    76     0.95873073     0.00447712
    77     0.95778576     0.00452501
    78     0.95683392     0.00457122
    79     0.95587528     0.00461574
    80     0.95490995     0.00465857
    81     0.95393801     0.00469969
    82     0.95295958     0.00473911
    83     0.95197473     0.00477684
    84     0.95098354     0.00481286
    85     0.94998612     0.00484719
    86     0.94898254     0.00487984
    87     0.94797289     0.00491082
    88     0.94695723     0.00494014
    89     0.94593569     0.00496781
    90     0.94490830     0.00499386
    91     0.94387516     0.00501830
    92     0.94283635     0.00504115
    93     0.94179194     0.00506243
    94     0.94074202     0.00508218
    95     0.93968665     0.00510041
    96     0.93862591     0.00511716
    97     0.93755988     0.00513245
    98     0.93648863     0.00514631
    99     0.93541224     0.00515878
   100     0.93433077     0.00516988
   101     0.93324431     0.00517966
   102     0.93215292     0.00518815
   103     0.93105670     0.00519538
   104     0.92995570     0.00520139
   105     0.92884999     0.00520621
   106     0.92773967     0.00520989
   107     0.92662482     0.00521247
   108     0.92550549     0.00521397
   109     0.92438176     0.00521445
   110     0.92325373     0.00521394
   111     0.92212144     0.00521248
   112     0.92098501     0.00521011
   113     0.91984451     0.00520686
   114     0.91870000     0.00520279
   115     0.91755158     0.00519792
   116     0.91639933     0.00519230
   117     0.91524333     0.00518597
   118     0.91408367     0.00517896
   119     0.91292041     0.00517131
   120     0.91175367     0.00516306
   121     0.91058350     0.00515425
   122     0.90941002     0.00514491
   123     0.90823330     0.00513507
   124     0.90705343     0.00512478
   125     0.90587050     0.00511407
   126     0.90468460     0.00510296
   127     0.90349582     0.00509150
   128     0.90230424     0.00507971
   129     0.90110996     0.00506762
   130     0.89991305     0.00505527
   131     0.89871365     0.00504268
   132     0.89751180     0.00502988
   133     0.89630761     0.00501691
   134     0.89510118     0.00500377
   135     0.89389259     0.00499050
   136     0.89268193     0.00497713
   137     0.89146930     0.00496367
   138     0.89025476     0.00495015
   139     0.88903844     0.00493659
   140     0.88782041     0.00492301
   141     0.88660075     0.00490943
   142     0.88537956     0.00489586
   143     0.88415692     0.00488233
   144     0.88293292     0.00486885
   145     0.88170763     0.00485543
   146     0.88048116     0.00484209
   147     0.87925356     0.00482884
   148     0.87802493     0.00481570
   149     0.87679534     0.00480268
   150     0.87556487     0.00478978
   151     0.87433362     0.00477702
   152     0.87310161     0.00476441
   153     0.87186895     0.00475195
   154     0.87063570     0.00473966
   155     0.86940193     0.00472754
   156     0.86816769     0.00471560
   157     0.86693307     0.00470383
   158     0.86569813     0.00469226
   159     0.86446289     0.00468088
   160     0.86322745     0.00466970
   161     0.86199184     0.00465872
   162     0.86075612     0.00464794
   163     0.85952034     0.00463737
   164     0.85828454     0.00462701
   165     0.85704878     0.00461686
   166     0.85581309     0.00460692
   167     0.85457750     0.00459719
   168     0.85334205     0.00458768
   169     0.85210679     0.00457839
   170     0.85087173     0.00456931
   171     0.84963691     0.00456044
   172     0.84840237     0.00455179
   173     0.84716810     0.00454336
   174     0.84593414     0.00453514
   175     0.84470052     0.00452714
   176     0.84346723     0.00451935
   177     0.84223431     0.00451178
   178     0.84100176     0.00450441
   179     0.83976958     0.00449726
   180     0.83853779     0.00449033
   181     0.83730640     0.00448360
   182     0.83607539     0.00447708
   183     0.83484479     0.00447077
   184     0.83361458     0.00446467
   185     0.83238476     0.00445878
   186     0.83115532     0.00445309
   187     0.82992628     0.00444761
   188     0.82869760     0.00444233
   189     0.82746929     0.00443726
   190     0.82624134     0.00443239
   191     0.82501373     0.00442773
   192     0.82378647     0.00442327
   193     0.82255953     0.00441901
   194     0.82133289     0.00441495
   195     0.82010655     0.00441110
   196     0.81888049     0.00440745
   197     0.81765471     0.00440400
   198     0.81642916     0.00440075
   199     0.81520385     0.00439770
   200     0.81397875     0.00439485
   201     0.81275386     0.00439220
   202     0.81152918     0.00438975
   203     0.81030465     0.00438750
   204     0.80908029     0.00438546
   205     0.80785608     0.00438361
   206     0.80663200     0.00438196
   207     0.80540805     0.00438051
   208     0.80418419     0.00437925
   209     0.80296045     0.00437820
   210     0.80173679     0.00437735
   211     0.80051321     0.00437669
   212     0.79928970     0.00437622
   213     0.79806629     0.00437596
   214     0.79684292     0.00437589
   215     0.79561962     0.00437601
   216     0.79439638     0.00437633
   217     0.79317321     0.00437684
   218     0.79195010     0.00437754
   219     0.79072706     0.00437843
   220     0.78950410     0.00437950
   221     0.78828122     0.00438077
   222     0.78705845     0.00438222
   223     0.78583576     0.00438385
   224     0.78461321     0.00438566
   225     0.78339077     0.00438766
   226     0.78216851     0.00438982
   227     0.78094640     0.00439217
   228     0.77972449     0.00439468
   229     0.77850279     0.00439736
   230     0.77728134     0.00440020
   231     0.77606015     0.00440321
   232     0.77483926     0.00440637
   233     0.77361870     0.00440969
   234     0.77239850     0.00441315
   235     0.77117868     0.00441677
   236     0.76995929     0.00442052
   237     0.76874038     0.00442441
   238     0.76752195     0.00442843
   239     0.76630408     0.00443257
   240     0.76508680     0.00443684
   241     0.76387015     0.00444122
   242     0.76265417     0.00444571
   243     0.76143892     0.00445031
   244     0.76022442     0.00445500
   245     0.75901074     0.00445978
   246     0.75779792     0.00446465
   247     0.75658601     0.00446959
   248     0.75537505     0.00447460
   249     0.75416511     0.00447968
   250     0.75295622     0.00448481
   251     0.75174845     0.00448999
   252     0.75054184     0.00449520
   253     0.74933644     0.00450045
   254     0.74813231     0.00450572
   255     0.74692949     0.00451100
   256     0.74572804     0.00451630
   257     0.74452801     0.00452159
   258     0.74332945     0.00452686
   259     0.74213239     0.00453212
   260     0.74093690     0.00453735
   261     0.73974303     0.00454255
   262     0.73855082     0.00454770
   263     0.73736032     0.00455279
   264     0.73617156     0.00455782
   265     0.73498461     0.00456278
   266     0.73379949     0.00456766
   267     0.73261625     0.00457245
   268     0.73143494     0.00457715
   269     0.73025557     0.00458174
   270     0.72907821     0.00458621
   271     0.72790288     0.00459057
   272     0.72672961     0.00459479
   273     0.72555846     0.00459888
   274     0.72438942     0.00460283
   275     0.72322253     0.00460663
   276     0.72205784     0.00461027
   277     0.72089534     0.00461375
   278     0.71973509     0.00461706
   279     0.71857708     0.00462020
   280     0.71742135     0.00462315
   281     0.71626790     0.00462593
   282     0.71511675     0.00462851
   283     0.71396793     0.00463090
   284     0.71282142     0.00463310
   285     0.71167725     0.00463510
   286     0.71053542     0.00463690
   287     0.70939593     0.00463849
   288     0.70825881     0.00463988
   289     0.70712403     0.00464106
   290     0.70599160     0.00464204
   291     0.70486151     0.00464281
   292     0.70373378     0.00464337
   293     0.70260838     0.00464373
   294     0.70148532     0.00464388
   295     0.70036458     0.00464382
   296     0.69924614     0.00464357
   297     0.69813001     0.00464312
   298     0.69701617     0.00464247
   299     0.69590458     0.00464163
   300     0.69479528     0.00464059
   301     0.69368820     0.00463938
   302     0.69258335     0.00463799
   303     0.69148071     0.00463642
   304     0.69038024     0.00463468
   305     0.68928193     0.00463277
   306     0.68818578     0.00463071
   307     0.68709174     0.00462850
   308     0.68599981     0.00462615
   309     0.68490996     0.00462365
   310     0.68382216     0.00462103
   311     0.68273639     0.00461828
   312     0.68165264     0.00461541
   313     0.68057088     0.00461244
   314     0.67949108     0.00460937
   315     0.67841323     0.00460621
   316     0.67733731     0.00460296
   317     0.67626328     0.00459964
   318     0.67519114     0.00459625
   319     0.67412085     0.00459280
   320     0.67305242     0.00458930
   321     0.67198580     0.00458576
   322     0.67092099     0.00458219
   323     0.66985798     0.00457859
   324     0.66879673     0.00457498
   325     0.66773724     0.00457135
   326     0.66667949     0.00456773
   327     0.66562349     0.00456412
   328     0.66456920     0.00456052
   329     0.66351663     0.00455694
   330     0.66246575     0.00455339
   331     0.66141658     0.00454989
   332     0.66036908     0.00454642
   333     0.65932328     0.00454301
   334     0.65827916     0.00453966
   335     0.65723672     0.00453638
   336     0.65619596     0.00453316
   337     0.65515689     0.00453003
   338     0.65411950     0.00452697
   339     0.65308379     0.00452401
   340     0.65204978     0.00452113
   341     0.65101748     0.00451836
   342     0.64998689     0.00451569
   343     0.64895801     0.00451312
   344     0.64793087     0.00451066
   345     0.64690546     0.00450831
   346     0.64588182     0.00450608
   347     0.64485995     0.00450397
   348     0.64383986     0.00450197
   349     0.64282159     0.00450010
   350     0.64180513     0.00449835
   351     0.64079052     0.00449673
   352     0.63977777     0.00449522
   353     0.63876690     0.00449385
   354     0.63775794     0.00449260
   355     0.63675091     0.00449147
   356     0.63574583     0.00449047
   357     0.63474272     0.00448959
   358     0.63374161     0.00448883
   359     0.63274253     0.00448819
   360     0.63174549     0.00448767
   361     0.63075051     0.00448727
   362     0.62975764     0.00448697
   363     0.62876688     0.00448679
   364     0.62777828     0.00448672
   365     0.62679184     0.00448675
   366     0.62580758     0.00448688
   367     0.62482555     0.00448710
   368     0.62384575     0.00448742
   369     0.62286822     0.00448783
   370     0.62189296     0.00448833
   371     0.62092001     0.00448890
   372     0.61994938     0.00448956
   373     0.61898110     0.00449028
   374     0.61801517     0.00449107
   375     0.61705161     0.00449193
   376     0.61609046     0.00449284
   377     0.61513171     0.00449381
   378     0.61417536     0.00449483
   379     0.61322146     0.00449589
   380     0.61226999     0.00449700
   381     0.61132097     0.00449814
   382     0.61037441     0.00449932
   383     0.60943031     0.00450053
   384     0.60848866     0.00450176
   385     0.60754949     0.00450301
   386     0.60661278     0.00450428
   387     0.60567853     0.00450556
   388     0.60474674     0.00450686
   389     0.60381739     0.00450816
   390     0.60289051     0.00450947
   391     0.60196605     0.00451078
   392     0.60104403     0.00451209
   393     0.60012440     0.00451340
   394     0.59920717     0.00451470
   395     0.59829234     0.00451600
   396     0.59737985     0.00451729
   397     0.59646971     0.00451858
   398     0.59556189     0.00451985
   399     0.59465635     0.00452112
   400     0.59375309     0.00452237
   401     0.59285206     0.00452361
   402     0.59195324     0.00452484
   403     0.59105660     0.00452606
   404     0.59016211     0.00452727
   405     0.58926974     0.00452847
   406     0.58837944     0.00452965
   407     0.58749117     0.00453083
   408     0.58660492     0.00453200
   409     0.58572062     0.00453317
   410     0.58483824     0.00453432
   411     0.58395776     0.00453548
   412     0.58307910     0.00453663
   413     0.58220225     0.00453778
   414     0.58132715     0.00453894
   415     0.58045376     0.00454010
   416     0.57958204     0.00454126
   417     0.57871192     0.00454243
   418     0.57784338     0.00454361
   419     0.57697638     0.00454480
   420     0.57611085     0.00454600
   421     0.57524675     0.00454722
   422     0.57438404     0.00454846
   423     0.57352268     0.00454972
   424     0.57266262     0.00455100
   425     0.57180380     0.00455231
   426     0.57094619     0.00455364
   427     0.57008975     0.00455500
   428     0.56923443     0.00455639
   429     0.56838019     0.00455782
   430     0.56752698     0.00455928
   431     0.56667477     0.00456077
   432     0.56582351     0.00456230
   433     0.56497317     0.00456387
   434     0.56412372     0.00456548
   435     0.56327511     0.00456713
   436     0.56242730     0.00456883
   437     0.56158028     0.00457056
   438     0.56073401     0.00457234
   439     0.55988844     0.00457417
   440     0.55904358     0.00457604
   441     0.55819936     0.00457795
   442     0.55735581     0.00457991
   443     0.55651286     0.00458191
   444     0.55567050     0.00458396
   445     0.55482873     0.00458605
   446     0.55398752     0.00458819
   447     0.55314686     0.00459036
   448     0.55230672     0.00459258
   449     0.55146712     0.00459483
   450     0.55062804     0.00459713
   451     0.54978946     0.00459946
   452     0.54895139     0.00460182
   453     0.54811384     0.00460422
   454     0.54727679     0.00460665
   455     0.54644025     0.00460910
   456     0.54560423     0.00461158
   457     0.54476872     0.00461408
   458     0.54393375     0.00461660
   459     0.54309933     0.00461913
   460     0.54226545     0.00462168
   461     0.54143216     0.00462424
   462     0.54059943     0.00462680
   463     0.53976733     0.00462936
   464     0.53893584     0.00463192
   465     0.53810500     0.00463447
   466     0.53727485     0.00463702
   467     0.53644539     0.00463954
   468     0.53561666     0.00464205
   469     0.53478868     0.00464453
   470     0.53396149     0.00464698
   471     0.53313512     0.00464940
   472     0.53230959     0.00465177
   473     0.53148496     0.00465411
   474     0.53066124     0.00465640
   475     0.52983848     0.00465863
   476     0.52901671     0.00466081
   477     0.52819597     0.00466292
   478     0.52737632     0.00466496
   479     0.52655776     0.00466693
   480     0.52574035     0.00466883
   481     0.52492415     0.00467064
   482     0.52410916     0.00467237
   483     0.52329545     0.00467401
   484     0.52248305     0.00467555
   485     0.52167201     0.00467699
   486     0.52086237     0.00467833
   487     0.52005415     0.00467956
   488     0.51924743     0.00468068
   489     0.51844221     0.00468169
   490     0.51763855     0.00468258
   491     0.51683650     0.00468335
   492     0.51603608     0.00468400
   493     0.51523734     0.00468453
   494     0.51444031     0.00468492
   495     0.51364504     0.00468519
   496     0.51285155     0.00468533
   497     0.51205987     0.00468533
   498     0.51127007     0.00468520
   499     0.51048214     0.00468494
   500     0.50969613     0.00468454
   501     0.50891207     0.00468401
   502     0.50813000     0.00468334
   503     0.50734993     0.00468254
   504     0.50657189     0.00468160
   505     0.50579593     0.00468053
   506     0.50502203     0.00467933
   507     0.50425024     0.00467800
   508     0.50348057     0.00467655
   509     0.50271304     0.00467497
   510     0.50194768     0.00467326
   511     0.50118449     0.00467144
   512     0.50042350     0.00466950
   513     0.49966469     0.00466744
   514     0.49890809     0.00466528
   515     0.49815372     0.00466301
   516     0.49740158     0.00466063
   517     0.49665166     0.00465816
   518     0.49590399     0.00465560
   519     0.49515854     0.00465295
   520     0.49441533     0.00465021
   521     0.49367435     0.00464740
   522     0.49293561     0.00464451
   523     0.49219910     0.00464155
   524     0.49146480     0.00463853
   525     0.49073271     0.00463545
   526     0.49000283     0.00463232
   527     0.48927513     0.00462915
   528     0.48854961     0.00462593
   529     0.48782626     0.00462267
   530     0.48710506     0.00461939
   531     0.48638598     0.00461608
   532     0.48566902     0.00461275
   533     0.48495415     0.00460941
   534     0.48424136     0.00460606
   535     0.48353062     0.00460271
   536     0.48282191     0.00459936
   537     0.48211521     0.00459601
   538     0.48141049     0.00459268
   539     0.48070772     0.00458937
   540     0.48000689     0.00458608
   541     0.47930797     0.00458281
   542     0.47861091     0.00457958
   543     0.47791571     0.00457638
   544     0.47722232     0.00457323
   545     0.47653073     0.00457011
   546     0.47584089     0.00456704
   547     0.47515278     0.00456403
   548     0.47446638     0.00456106
   549     0.47378164     0.00455815
   550     0.47309855     0.00455531
   551     0.47241707     0.00455252
   552     0.47173714     0.00454979
   553     0.47105879     0.00454714
   554     0.47038193     0.00454455
   555     0.46970658     0.00454203
   556     0.46903267     0.00453958
   557     0.46836018     0.00453720
   558     0.46768909     0.00453490
   559     0.46701937     0.00453266
   560     0.46635098     0.00453051
   561     0.46568389     0.00452842
   562     0.46501809     0.00452641
   563     0.46435354     0.00452447
   564     0.46369022     0.00452261
   565     0.46302807     0.00452082
   566     0.46236712     0.00451910
   567     0.46170731     0.00451745
   568     0.46104861     0.00451587
   569     0.46039100     0.00451436
   570     0.45973448     0.00451292
   571     0.45907900     0.00451154
   572     0.45842456     0.00451023
   573     0.45777112     0.00450898
   574     0.45711866     0.00450779
   575     0.45646718     0.00450665
   576     0.45581664     0.00450557
   577     0.45516705     0.00450455
   578     0.45451835     0.00450358
   579     0.45387057     0.00450265
   580     0.45322366     0.00450178
   581     0.45257763     0.00450095
   582     0.45193244     0.00450016
   583     0.45128811     0.00449941
   584     0.45064459     0.00449870
   585     0.45000191     0.00449802
   586     0.44936003     0.00449738
   587     0.44871895     0.00449677
   588     0.44807865     0.00449619
   589     0.44743914     0.00449563
   590     0.44680041     0.00449511
   591     0.44616244     0.00449460
   592     0.44552523     0.00449412
   593     0.44488877     0.00449365
   594     0.44425308     0.00449321
   595     0.44361813     0.00449278
   596     0.44298392     0.00449237
   597     0.44235044     0.00449198
   598     0.44171770     0.00449160
   599     0.44108571     0.00449123
   600     0.44045444     0.00449087
   601     0.43982390     0.00449053
   602     0.43919410     0.00449020
   603     0.43856503     0.00448988
   604     0.43793668     0.00448957
   605     0.43730906     0.00448927
   606     0.43668218     0.00448899
   607     0.43605602     0.00448871
   608     0.43543059     0.00448845
   609     0.43480591     0.00448821
   610     0.43418195     0.00448797
   611     0.43355872     0.00448776
   612     0.43293623     0.00448756
   613     0.43231449     0.00448738
   614     0.43169346     0.00448721
   615     0.43107319     0.00448707
   616     0.43045366     0.00448695
   617     0.42983487     0.00448686
   618     0.42921682     0.00448678
   619     0.42859953     0.00448674
   620     0.42798296     0.00448673
   621     0.42736717     0.00448675
   622     0.42675210     0.00448680
   623     0.42613779     0.00448688
   624     0.42552423     0.00448700
   625     0.42491142     0.00448717
   626     0.42429936     0.00448737
   627     0.42368806     0.00448762
   628     0.42307750     0.00448791
   629     0.42246769     0.00448825
   630     0.42185863     0.00448863
   631     0.42125032     0.00448907
   632     0.42064276     0.00448956
   633     0.42003593     0.00449011
   634     0.41942986     0.00449071
   635     0.41882453     0.00449137
   636     0.41821994     0.00449208
   637     0.41761609     0.00449286
   638     0.41701297     0.00449370
   639     0.41641059     0.00449460
   640     0.41580895     0.00449556
   641     0.41520802     0.00449659
   642     0.41460783     0.00449767
   643     0.41400834     0.00449883
   644     0.41340959     0.00450005
   645     0.41281152     0.00450133
   646     0.41221419     0.00450268
   647     0.41161755     0.00450409
   648     0.41102160     0.00450556
   649     0.41042637     0.00450710
   650     0.40983182     0.00450870
   651     0.40923794     0.00451036
   652     0.40864476     0.00451208
   653     0.40805225     0.00451385
   654     0.40746041     0.00451568
   655     0.40686923     0.00451757
   656     0.40627871     0.00451951
   657     0.40568884     0.00452150
   658     0.40509963     0.00452354
   659     0.40451106     0.00452562
   660     0.40392314     0.00452774
   661     0.40333584     0.00452990
   662     0.40274918     0.00453210
   663     0.40216314     0.00453434
   664     0.40157772     0.00453660
   665     0.40099291     0.00453889
   666     0.40040872     0.00454120
   667     0.39982513     0.00454353
   668     0.39924215     0.00454588
   669     0.39865975     0.00454824
   670     0.39807795     0.00455060
   671     0.39749675     0.00455297
   672     0.39691613     0.00455534
   673     0.39633609     0.00455770
   674     0.39575663     0.00456005
   675     0.39517775     0.00456240
   676     0.39459945     0.00456472
   677     0.39402170     0.00456702
   678     0.39344455     0.00456930
   679     0.39286796     0.00457154
   680     0.39229193     0.00457376
   681     0.39171648     0.00457593
   682     0.39114158     0.00457806
   683     0.39056725     0.00458014
   684     0.38999349     0.00458218
   685     0.38942029     0.00458416
   686     0.38884765     0.00458608
   687     0.38827559     0.00458794
   688     0.38770410     0.00458974
   689     0.38713316     0.00459146
   690     0.38656282     0.00459312
   691     0.38599303     0.00459470
   692     0.38542383     0.00459620
   693     0.38485520     0.00459762
   694     0.38428716     0.00459896
   695     0.38371970     0.00460022
   696     0.38315283     0.00460139
   697     0.38258655     0.00460246
   698     0.38202089     0.00460345
   699     0.38145581     0.00460435
   700     0.38089135     0.00460515
   701     0.38032750     0.00460585
   702     0.37976427     0.00460646
   703     0.37920166     0.00460697
   704     0.37863968     0.00460739
   705     0.37807833     0.00460771
   706     0.37751765     0.00460793
   707     0.37695759     0.00460806
   708     0.37639821     0.00460809
   709     0.37583948     0.00460803
   710     0.37528142     0.00460787
   711     0.37472405     0.00460761
   712     0.37416736     0.00460727
   713     0.37361137     0.00460684
   714     0.37305607     0.00460632
   715     0.37250149     0.00460571
   716     0.37194763     0.00460502
   717     0.37139449     0.00460425
   718     0.37084208     0.00460340
   719     0.37029042     0.00460248
   720     0.36973951     0.00460148
   721     0.36918935     0.00460041
   722     0.36863997     0.00459928
   723     0.36809135     0.00459809
   724     0.36754352     0.00459684
   725     0.36699649     0.00459553
   726     0.36645025     0.00459418
   727     0.36590482     0.00459278
   728     0.36536021     0.00459133
   729     0.36481640     0.00458985
   730     0.36427343     0.00458834
   731     0.36373130     0.00458679
   732     0.36319003     0.00458522
   733     0.36264958     0.00458363
   734     0.36211001     0.00458203
   735     0.36157130     0.00458041
   736     0.36103345     0.00457878
   737     0.36049648     0.00457716
   738     0.35996039     0.00457553
   739     0.35942519     0.00457391
   740     0.35889089     0.00457231
   741     0.35835748     0.00457071
   742     0.35782496     0.00456914
   743     0.35729336     0.00456759
   744     0.35676267     0.00456607
   745     0.35623288     0.00456458
   746     0.35570401     0.00456313
   747     0.35517606     0.00456171
   748     0.35464902     0.00456034
   749     0.35412291     0.00455902
   750     0.35359773     0.00455774
   751     0.35307347     0.00455652
   752     0.35255013     0.00455535
   753     0.35202772     0.00455424
   754     0.35150623     0.00455320
   755     0.35098565     0.00455221
   756     0.35046601     0.00455130
   757     0.34994728     0.00455045
   758     0.34942948     0.00454967
   759     0.34891258     0.00454897
   760     0.34839660     0.00454833
   761     0.34788152     0.00454778
   762     0.34736735     0.00454730
   763     0.34685408     0.00454689
   764     0.34634171     0.00454656
   765     0.34583020     0.00454631
   766     0.34531959     0.00454614
   767     0.34480986     0.00454604
   768     0.34430098     0.00454602
   769     0.34379297     0.00454608
   770     0.34328581     0.00454622
   771     0.34277948     0.00454643
   772     0.34227400     0.00454671
   773     0.34176933     0.00454707
   774     0.34126547     0.00454749
   775     0.34076242     0.00454799
   776     0.34026015     0.00454855
   777     0.33975867     0.00454918
   778     0.33925796     0.00454987
   779     0.33875799     0.00455062
   780     0.33825877     0.00455143
   781     0.33776027     0.00455229
   782     0.33726249     0.00455321
   783     0.33676540     0.00455417
   784     0.33626902     0.00455518
   785     0.33577328     0.00455623
   786     0.33527821     0.00455732
   787     0.33478378     0.00455845
   788     0.33428996     0.00455960
   789     0.33379675     0.00456078
   790     0.33330414     0.00456199
   791     0.33281210     0.00456322
   792     0.33232062     0.00456446
   793     0.33182966     0.00456571
   794     0.33133924     0.00456697
   795     0.33084931     0.00456824
   796     0.33035987     0.00456950
   797     0.32987090     0.00457076
   798     0.32938237     0.00457202
   799     0.32889428     0.00457326
   800     0.32840660     0.00457449
   801     0.32791930     0.00457570
   802     0.32743239     0.00457688
   803     0.32694584     0.00457804
   804     0.32645961     0.00457917
   805     0.32597371     0.00458027
   806     0.32548810     0.00458134
   807     0.32500278     0.00458236
   808     0.32451773     0.00458334
   809     0.32403291     0.00458428
   810     0.32354833     0.00458517
   811     0.32306396     0.00458602
   812     0.32257977     0.00458681
   813     0.32209576     0.00458755
   814     0.32161191     0.00458824
   815     0.32112820     0.00458887
   816     0.32064461     0.00458944
   817     0.32016113     0.00458996
   818     0.31967774     0.00459041
   819     0.31919442     0.00459081
   820     0.31871118     0.00459114
   821     0.31822796     0.00459142
   822     0.31774479     0.00459163
   823     0.31726163     0.00459179
   824     0.31677849     0.00459188
   825     0.31629533     0.00459192
   826     0.31581214     0.00459189
   827     0.31532894     0.00459181
   828     0.31484568     0.00459167
   829     0.31436237     0.00459148
   830     0.31387901     0.00459124
   831     0.31339557     0.00459094
   832     0.31291205     0.00459059
   833     0.31242845     0.00459020
   834     0.31194475     0.00458976
   835     0.31146095     0.00458927
   836     0.31097704     0.00458875
   837     0.31049303     0.00458819
   838     0.31000889     0.00458759
   839     0.30952465     0.00458696
   840     0.30904027     0.00458631
   841     0.30855578     0.00458562
   842     0.30807116     0.00458491
   843     0.30758644     0.00458418
   844     0.30710158     0.00458344
   845     0.30661658     0.00458267
   846     0.30613149     0.00458190
   847     0.30564627     0.00458112
   848     0.30516094     0.00458033
   849     0.30467551     0.00457954
   850     0.30418999     0.00457876
   851     0.30370436     0.00457797
   852     0.30321865     0.00457720
   853     0.30273285     0.00457643
   854     0.30224699     0.00457567
   855     0.30176107     0.00457493
   856     0.30127510     0.00457421
   857     0.30078909     0.00457351
   858     0.30030306     0.00457283
   859     0.29981701     0.00457217
   860     0.29933096     0.00457154
   861     0.29884492     0.00457094
   862     0.29835892     0.00457037
   863     0.29787295     0.00456984
   864     0.29738707     0.00456933
   865     0.29690124     0.00456886
   866     0.29641551     0.00456843
   867     0.29592989     0.00456804
   868     0.29544439     0.00456768
   869     0.29495906     0.00456736
   870     0.29447389     0.00456708
   871     0.29398892     0.00456685
   872     0.29350414     0.00456665
   873     0.29301961     0.00456649
   874     0.29253530     0.00456638
   875     0.29205129     0.00456630
   876     0.29156756     0.00456626
   877     0.29108416     0.00456627
   878     0.29060109     0.00456631
   879     0.29011837     0.00456639
   880     0.28963603     0.00456651
   881     0.28915411     0.00456667
   882     0.28867261     0.00456687
   883     0.28819157     0.00456709
   884     0.28771098     0.00456735
   885     0.28723090     0.00456765
   886     0.28675134     0.00456797
   887     0.28627231     0.00456833
   888     0.28579385     0.00456871
   889     0.28531598     0.00456912
   890     0.28483871     0.00456956
   891     0.28436207     0.00457002
   892     0.28388607     0.00457050
   893     0.28341074     0.00457101
   894     0.28293610     0.00457153
   895     0.28246217     0.00457207
   896     0.28198898     0.00457263
   897     0.28151653     0.00457320
   898     0.28104485     0.00457378
   899     0.28057395     0.00457438
   900     0.28010384     0.00457498
   901     0.27963457     0.00457560
   902     0.27916613     0.00457622
   903     0.27869853     0.00457685
   904     0.27823180     0.00457749
   905     0.27776595     0.00457813
   906     0.27730098     0.00457877
   907     0.27683693     0.00457942
   908     0.27637378     0.00458007
   909     0.27591154     0.00458072
   910     0.27545026     0.00458137
   911     0.27498990     0.00458202
   912     0.27453051     0.00458267
   913     0.27407206     0.00458332
   914     0.27361456     0.00458397
   915     0.27315805     0.00458461
   916     0.27270249     0.00458526
   917     0.27224792     0.00458591
   918     0.27179430     0.00458656
   919     0.27134166     0.00458720
   920     0.27088999     0.00458785
   921     0.27043931     0.00458850
   922     0.26998958     0.00458915
   923     0.26954080     0.00458981
   924     0.26909300     0.00459047
   925     0.26864614     0.00459113
   926     0.26820023     0.00459181
   927     0.26775526     0.00459248
   928     0.26731121     0.00459317
   929     0.26686807     0.00459387
   930     0.26642584     0.00459458
   931     0.26598451     0.00459531
   932     0.26554405     0.00459605
   933     0.26510445     0.00459681
   934     0.26466570     0.00459759
   935     0.26422777     0.00459839
   936     0.26379067     0.00459921
   937     0.26335436     0.00460006
   938     0.26291881     0.00460093
   939     0.26248402     0.00460183
   940     0.26204997     0.00460277
   941     0.26161663     0.00460374
   942     0.26118397     0.00460474
   943     0.26075196     0.00460579
   944     0.26032061     0.00460687
   945     0.25988986     0.00460800
   946     0.25945969     0.00460917
   947     0.25903009     0.00461039
   948     0.25860101     0.00461165
   949     0.25817245     0.00461297
   950     0.25774435     0.00461434
   951     0.25731670     0.00461576
   952     0.25688946     0.00461725
   953     0.25646260     0.00461879
   954     0.25603610     0.00462039
   955     0.25560991     0.00462205
   956     0.25518403     0.00462377
   957     0.25475839     0.00462556
   958     0.25433298     0.00462742
   959     0.25390777     0.00462934
   960     0.25348272     0.00463134
   961     0.25305780     0.00463340
   962     0.25263297     0.00463553
   963     0.25220821     0.00463774
   964     0.25178347     0.00464001
   965     0.25135874     0.00464236
   966     0.25093395     0.00464478
   967     0.25050912     0.00464728
   968     0.25008417     0.00464984
   969     0.24965911     0.00465248
   970     0.24923386     0.00465519
   971     0.24880842     0.00465797
   972     0.24838276     0.00466083
   973     0.24795683     0.00466375
   974     0.24753062     0.00466674
   975     0.24710408     0.00466981
   976     0.24667720     0.00467293
   977     0.24624993     0.00467612
   978     0.24582227     0.00467938
   979     0.24539416     0.00468270
   980     0.24496559     0.00468607
   981     0.24453654     0.00468950
   982     0.24410697     0.00469299
   983     0.24367685     0.00469653
   984     0.24324618     0.00470012
   985     0.24281490     0.00470376
   986     0.24238302     0.00470744
   987     0.24195051     0.00471116
   988     0.24151736     0.00471492
   989     0.24108351     0.00471872
   990     0.24064898     0.00472254
   991     0.24021374     0.00472639
   992     0.23977777     0.00473027
   993     0.23934104     0.00473417
   994     0.23890357     0.00473808
   995     0.23846532     0.00474201
   996     0.23802628     0.00474595
   997     0.23758643     0.00474989
   998     0.23714577     0.00475383
   999     0.23670431     0.00475777
  1000     0.23626201     0.00476171
  1001     0.23581885     0.00476563
  1002     0.23537488     0.00476955
  1003     0.23493004     0.00477344
  1004     0.23448435     0.00477731
  1005     0.23403780     0.00478115
  1006     0.23359039     0.00478497
  1007     0.23314212     0.00478875
  1008     0.23269299     0.00479250
  1009     0.23224299     0.00479621
  1010     0.23179215     0.00479987
  1011     0.23134045     0.00480349
  1012     0.23088790     0.00480706
  1013     0.23043450     0.00481057
  1014     0.22998027     0.00481403
  1015     0.22952519     0.00481743
  1016     0.22906931     0.00482077
  1017     0.22861261     0.00482405
  1018     0.22815511     0.00482726
  1019     0.22769681     0.00483040
  1020     0.22723774     0.00483347
  1021     0.22677791     0.00483648
  1022     0.22631732     0.00483940
  1023     0.22585601     0.00484226
  1024     0.22539396     0.00484504
  1025     0.22493122     0.00484774
  1026     0.22446780     0.00485037
  1027     0.22400369     0.00485291
  1028     0.22353896     0.00485538
  1029     0.22307358     0.00485777
  1030     0.22260761     0.00486008
  1031     0.22214105     0.00486232
  1032     0.22167392     0.00486447
  1033     0.22120625     0.00486655
  1034     0.22073807     0.00486854
  1035     0.22026938     0.00487047
  1036     0.21980025     0.00487231
  1037     0.21933064     0.00487409
  1038     0.21886062     0.00487579
  1039     0.21839021     0.00487742
  1040     0.21791942     0.00487897
  1041     0.21744829     0.00488046
  1042     0.21697683     0.00488189
  1043     0.21650510     0.00488325
  1044     0.21603308     0.00488454
  1045     0.21556083     0.00488578
  1046     0.21508836     0.00488696
  1047     0.21461571     0.00488808
  1048     0.21414291     0.00488915
  1049     0.21366997     0.00489016
  1050     0.21319692     0.00489113
  1051     0.21272379     0.00489205
  1052     0.21225062     0.00489293
  1053     0.21177741     0.00489376
  1054     0.21130421     0.00489456
  1055     0.21083103     0.00489532
  1056     0.21035792     0.00489604
  1057     0.20988488     0.00489673
  1058     0.20941195     0.00489739
  1059     0.20893914     0.00489802
  1060     0.20846650     0.00489863
  1061     0.20799403     0.00489921
  1062     0.20752175     0.00489977
  1063     0.20704972     0.00490031
  1064     0.20657792     0.00490083
  1065     0.20610641     0.00490133
  1066     0.20563518     0.00490182
  1067     0.20516427     0.00490230
  1068     0.20469371     0.00490276
  1069     0.20422350     0.00490321
  1070     0.20375367     0.00490364
  1071     0.20328422     0.00490407
  1072     0.20281520     0.00490449
  1073     0.20234662     0.00490490
  1074     0.20187849     0.00490530
  1075     0.20141082     0.00490569
  1076     0.20094363     0.00490608
  1077     0.20047694     0.00490645
  1078     0.20001077     0.00490682
  1079     0.19954511     0.00490718
  1080     0.19908001     0.00490753
  1081     0.19861546     0.00490788
  1082     0.19815146     0.00490821
  1083     0.19768805     0.00490853
  1084     0.19722521     0.00490884
  1085     0.19676295     0.00490914
  1086     0.19630132     0.00490942
  1087     0.19584028     0.00490969
  1088     0.19537987     0.00490994
  1089     0.19492008     0.00491018
  1090     0.19446091     0.00491040
  1091     0.19400237     0.00491060
  1092     0.19354448     0.00491077
  1093     0.19308722     0.00491093
  1094     0.19263060     0.00491106
  1095     0.19217464     0.00491116
  1096     0.19171931     0.00491124
  1097     0.19126462     0.00491129
  1098     0.19081059     0.00491131
  1099     0.19035719     0.00491130
  1100     0.18990445     0.00491126
  1101     0.18945234     0.00491118
  1102     0.18900087     0.00491107
  1103     0.18855003     0.00491092
  1104     0.18809982     0.00491073
  1105     0.18765024     0.00491050
  1106     0.18720129     0.00491023
  1107     0.18675294     0.00490992
  1108     0.18630520     0.00490957
  1109     0.18585807     0.00490918
  1110     0.18541153     0.00490874
  1111     0.18496559     0.00490826
  1112     0.18452020     0.00490773
  1113     0.18407540     0.00490716
  1114     0.18363118     0.00490654
  1115     0.18318750     0.00490588
  1116     0.18274436     0.00490517
  1117     0.18230175     0.00490441
  1118     0.18185968     0.00490362
  1119     0.18141812     0.00490277
  1120     0.18097706     0.00490188
  1121     0.18053651     0.00490095
  1122     0.18009644     0.00489997
  1123     0.17965684     0.00489895
  1124     0.17921771     0.00489790
  1125     0.17877902     0.00489680
  1126     0.17834078     0.00489566
  1127     0.17790296     0.00489449
  1128     0.17746558     0.00489328
  1129     0.17702859     0.00489203
  1130     0.17659200     0.00489076
  1131     0.17615581     0.00488946
  1132     0.17571999     0.00488813
  1133     0.17528453     0.00488677
  1134     0.17484943     0.00488539
  1135     0.17441467     0.00488399
  1136     0.17398025     0.00488258
  1137     0.17354616     0.00488115
  1138     0.17311239     0.00487971
  1139     0.17267891     0.00487826
  1140     0.17224572     0.00487681
  1141     0.17181285     0.00487535
  1142     0.17138024     0.00487390
  1143     0.17094789     0.00487245
  1144     0.17051582     0.00487101
  1145     0.17008400     0.00486958
  1146     0.16965242     0.00486817
  1147     0.16922110     0.00486678
  1148     0.16879000     0.00486542
  1149     0.16835912     0.00486408
  1150     0.16792847     0.00486277
  1151     0.16749805     0.00486150
  1152     0.16706783     0.00486027
  1153     0.16663783     0.00485908
  1154     0.16620802     0.00485794
  1155     0.16577842     0.00485686
  1156     0.16534901     0.00485583
  1157     0.16491980     0.00485485
  1158     0.16449079     0.00485395
  1159     0.16406196     0.00485311
  1160     0.16363333     0.00485234
  1161     0.16320487     0.00485164
  1162     0.16277662     0.00485102
  1163     0.16234854     0.00485049
  1164     0.16192067     0.00485004
  1165     0.16149298     0.00484968
  1166     0.16106549     0.00484941
  1167     0.16063818     0.00484923
  1168     0.16021107     0.00484916
  1169     0.15978417     0.00484918
  1170     0.15935747     0.00484930
  1171     0.15893097     0.00484953
  1172     0.15850470     0.00484986
  1173     0.15807862     0.00485030
  1174     0.15765278     0.00485086
  1175     0.15722717     0.00485152
  1176     0.15680178     0.00485229
  1177     0.15637662     0.00485318
  1178     0.15595173     0.00485418
  1179     0.15552708     0.00485529
  1180     0.15510269     0.00485652
  1181     0.15467856     0.00485787
  1182     0.15425471     0.00485932
  1183     0.15383116     0.00486089
  1184     0.15340789     0.00486257
  1185     0.15298492     0.00486436
  1186     0.15256226     0.00486626
  1187     0.15213991     0.00486827
  1188     0.15171790     0.00487039
  1189     0.15129622     0.00487261
  1190     0.15087490     0.00487493
  1191     0.15045393     0.00487735
  1192     0.15003334     0.00487988
  1193     0.14961312     0.00488249
  1194     0.14919328     0.00488520
  1195     0.14877385     0.00488799
  1196     0.14835483     0.00489088
  1197     0.14793624     0.00489384
  1198     0.14751808     0.00489689
  1199     0.14710035     0.00490001
  1200     0.14668308     0.00490320
  1201     0.14626628     0.00490646
  1202     0.14584995     0.00490979
  1203     0.14543411     0.00491318
  1204     0.14501876     0.00491663
  1205     0.14460392     0.00492013
  1206     0.14418960     0.00492368
  1207     0.14377580     0.00492728
  1208     0.14336255     0.00493093
  1209     0.14294984     0.00493462
  1210     0.14253769     0.00493834
  1211     0.14212611     0.00494210
  1212     0.14171510     0.00494589
  1213     0.14130469     0.00494971
  1214     0.14089486     0.00495355
  1215     0.14048564     0.00495741
  1216     0.14007704     0.00496130
  1217     0.13966905     0.00496520
  1218     0.13926170     0.00496912
  1219     0.13885498     0.00497305
  1220     0.13844891     0.00497700
  1221     0.13804348     0.00498095
  1222     0.13763872     0.00498491
  1223     0.13723462     0.00498887
  1224     0.13683119     0.00499285
  1225     0.13642844     0.00499682
  1226     0.13602637     0.00500080
  1227     0.13562499     0.00500478
  1228     0.13522430     0.00500877
  1229     0.13482430     0.00501275
  1230     0.13442501     0.00501674
  1231     0.13402642     0.00502073
  1232     0.13362853     0.00502471
  1233     0.13323135     0.00502871
  1234     0.13283489     0.00503270
  1235     0.13243914     0.00503670
  1236     0.13204410     0.00504070
  1237     0.13164978     0.00504470
  1238     0.13125617     0.00504871
  1239     0.13086328     0.00505273
  1240     0.13047111     0.00505675
  1241     0.13007965     0.00506079
  1242     0.12968891     0.00506483
  1243     0.12929888     0.00506888
  1244     0.12890957     0.00507295
  1245     0.12852096     0.00507703
  1246     0.12813306     0.00508113
  1247     0.12774587     0.00508524
  1248     0.12735937     0.00508937
  1249     0.12697357     0.00509352
  1250     0.12658847     0.00509769
  1251     0.12620406     0.00510189
  1252     0.12582033     0.00510611
  1253     0.12543728     0.00511035
  1254     0.12505491     0.00511462
  1255     0.12467320     0.00511892
  1256     0.12429216     0.00512324
  1257     0.12391177     0.00512760
  1258     0.12353204     0.00513198
  1259     0.12315295     0.00513640
  1260     0.12277450     0.00514085
  1261     0.12239668     0.00514533
  1262     0.12201948     0.00514984
  1263     0.12164290     0.00515439
  1264     0.12126692     0.00515898
  1265     0.12089155     0.00516359
  1266     0.12051677     0.00516824
  1267     0.12014258     0.00517293
  1268     0.11976896     0.00517765
  1269     0.11939592     0.00518240
  1270     0.11902343     0.00518718
  1271     0.11865150     0.00519200
  1272     0.11828011     0.00519685
  1273     0.11790926     0.00520173
  1274     0.11753893     0.00520664
  1275     0.11716913     0.00521158
  1276     0.11679984     0.00521655
  1277     0.11643106     0.00522154
  1278     0.11606277     0.00522656
  1279     0.11569497     0.00523160
  1280     0.11532765     0.00523667
  1281     0.11496081     0.00524175
  1282     0.11459443     0.00524685
  1283     0.11422852     0.00525197
  1284     0.11386305     0.00525711
  1285     0.11349804     0.00526225
  1286     0.11313346     0.00526741
  1287     0.11276932     0.00527258
  1288     0.11240561     0.00527775
  1289     0.11204232     0.00528293
  1290     0.11167944     0.00528811
  1291     0.11131698     0.00529330
  1292     0.11095493     0.00529848
  1293     0.11059329     0.00530366
  1294     0.11023204     0.00530884
  1295     0.10987120     0.00531400
  1296     0.10951074     0.00531916
  1297     0.10915068     0.00532431
  1298     0.10879101     0.00532945
  1299     0.10843173     0.00533457
  1300     0.10807284     0.00533968
  1301     0.10771433     0.00534477
  1302     0.10735621     0.00534984
  1303     0.10699848     0.00535489
  1304     0.10664113     0.00535992
  1305     0.10628418     0.00536493
  1306     0.10592761     0.00536991
  1307     0.10557144     0.00537488
  1308     0.10521566     0.00537981
  1309     0.10486028     0.00538473
  1310     0.10450531     0.00538961
  1311     0.10415074     0.00539447
  1312     0.10379659     0.00539931
  1313     0.10344285     0.00540411
  1314     0.10308953     0.00540890
  1315     0.10273664     0.00541365
  1316     0.10238419     0.00541838
  1317     0.10203218     0.00542309
  1318     0.10168062     0.00542777
  1319     0.10132952     0.00543242
  1320     0.10097889     0.00543706
  1321     0.10062873     0.00544167
  1322     0.10027906     0.00544626
  1323     0.09992988     0.00545083
  1324     0.09958122     0.00545538
  1325     0.09923306     0.00545992
  1326     0.09888544     0.00546444
  1327     0.09853835     0.00546894
  1328     0.09819182     0.00547344
  1329     0.09784584     0.00547792
  1330     0.09750044     0.00548239
  1331     0.09715563     0.00548686
  1332     0.09681143     0.00549132
  1333     0.09646783     0.00549578
  1334     0.09612486     0.00550024
  1335     0.09578253     0.00550470
  1336     0.09544086     0.00550916
  1337     0.09509985     0.00551363
  1338     0.09475953     0.00551811
  1339     0.09441990     0.00552260
  1340     0.09408099     0.00552710
  1341     0.09374280     0.00553161
  1342     0.09340534     0.00553615
  1343     0.09306864     0.00554070
  1344     0.09273271     0.00554528
  1345     0.09239756     0.00554988
  1346     0.09206320     0.00555451
  1347     0.09172965     0.00555917
  1348     0.09139693     0.00556386
  1349     0.09106504     0.00556859
  1350     0.09073400     0.00557335
  1351     0.09040383     0.00557815
  1352     0.09007453     0.00558300
  1353     0.08974612     0.00558789
  1354     0.08941861     0.00559282
  1355     0.08909201     0.00559781
  1356     0.08876634     0.00560285
  1357     0.08844160     0.00560794
  1358     0.08811781     0.00561309
  1359     0.08779498     0.00561829
  1360     0.08747312     0.00562356
  1361     0.08715223     0.00562889
  1362     0.08683233     0.00563428
  1363     0.08651342     0.00563974
  1364     0.08619552     0.00564528
  1365     0.08587862     0.00565088
  1366     0.08556274     0.00565655
  1367     0.08524789     0.00566230
  1368     0.08493407     0.00566813
  1369     0.08462128     0.00567403
  1370     0.08430953     0.00568002
  1371     0.08399882     0.00568608
  1372     0.08368916     0.00569223
  1373     0.08338054     0.00569846
  1374     0.08307298     0.00570478
  1375     0.08276647     0.00571118
  1376     0.08246102     0.00571767
  1377     0.08215662     0.00572425
  1378     0.08185327     0.00573092
  1379     0.08155097     0.00573767
  1380     0.08124972     0.00574452
  1381     0.08094952     0.00575145
  1382     0.08065036     0.00575848
  1383     0.08035225     0.00576560
  1384     0.08005516     0.00577280
  1385     0.07975911     0.00578010
  1386     0.07946408     0.00578748
  1387     0.07917007     0.00579496
  1388     0.07887708     0.00580252
  1389     0.07858508     0.00581017
  1390     0.07829408     0.00581791
  1391     0.07800407     0.00582573
  1392     0.07771503     0.00583364
  1393     0.07742696     0.00584164
  1394     0.07713985     0.00584971
  1395     0.07685368     0.00585787
  1396     0.07656845     0.00586610
  1397     0.07628414     0.00587441
  1398     0.07600075     0.00588280
  1399     0.07571825     0.00589126
  1400     0.07543664     0.00589980
  1401     0.07515590     0.00590841
  1402     0.07487602     0.00591708
  1403     0.07459699     0.00592582
  1404     0.07431879     0.00593463
  1405     0.07404141     0.00594350
  1406     0.07376483     0.00595244
  1407     0.07348903     0.00596143
  1408     0.07321402     0.00597048
  1409     0.07293976     0.00597959
  1410     0.07266624     0.00598875
  1411     0.07239346     0.00599797
  1412     0.07212139     0.00600724
  1413     0.07185002     0.00601656
  1414     0.07157933     0.00602593
  1415     0.07130931     0.00603535
  1416     0.07103995     0.00604481
  1417     0.07077123     0.00605433
  1418     0.07050314     0.00606389
  1419     0.07023566     0.00607349
  1420     0.06996878     0.00608315
  1421     0.06970248     0.00609284
  1422     0.06943676     0.00610259
  1423     0.06917159     0.00611238
  1424     0.06890698     0.00612222
  1425     0.06864289     0.00613210
  1426     0.06837933     0.00614204
  1427     0.06811628     0.00615202
  1428     0.06785373     0.00616206
  1429     0.06759168     0.00617215
  1430     0.06733010     0.00618229
  1431     0.06706899     0.00619249
  1432     0.06680834     0.00620275
  1433     0.06654815     0.00621308
  1434     0.06628841     0.00622346
  1435     0.06602910     0.00623391
  1436     0.06577022     0.00624444
  1437     0.06551177     0.00625503
  1438     0.06525374     0.00626570
  1439     0.06499612     0.00627645
  1440     0.06473892     0.00628729
  1441     0.06448212     0.00629821
  1442     0.06422573     0.00630922
  1443     0.06396975     0.00632032
  1444     0.06371416     0.00633152
  1445     0.06345897     0.00634283
  1446     0.06320418     0.00635424
  1447     0.06294980     0.00636575
  1448     0.06269581     0.00637739
  1449     0.06244223     0.00638914
  1450     0.06218905     0.00640101
  1451     0.06193628     0.00641301
  1452     0.06168392     0.00642513
  1453     0.06143198     0.00643739
  1454     0.06118045     0.00644979
  1455     0.06092935     0.00646232
  1456     0.06067868     0.00647500
  1457     0.06042845     0.00648783
  1458     0.06017866     0.00650081
  1459     0.05992932     0.00651394
  1460     0.05968043     0.00652722
  1461     0.05943202     0.00654066
  1462     0.05918408     0.00655426
  1463     0.05893662     0.00656802
  1464     0.05868965     0.00658195
  1465     0.05844319     0.00659604
  1466     0.05819724     0.00661029
  1467     0.05795181     0.00662471
  1468     0.05770692     0.00663930
  1469     0.05746257     0.00665405
  1470     0.05721878     0.00666897
  1471     0.05697555     0.00668406
  1472     0.05673290     0.00669931
  1473     0.05649084     0.00671473
  1474     0.05624938     0.00673031
  1475     0.05600854     0.00674605
  1476     0.05576831     0.00676195
  1477     0.05552873     0.00677800
  1478     0.05528980     0.00679421
  1479     0.05505152     0.00681057
  1480     0.05481392     0.00682708
  1481     0.05457700     0.00684374
  1482     0.05434078     0.00686053
  1483     0.05410527     0.00687747
  1484     0.05387048     0.00689454
  1485     0.05363641     0.00691174
  1486     0.05340309     0.00692906
  1487     0.05317051     0.00694651
  1488     0.05293870     0.00696407
  1489     0.05270767     0.00698175
  1490     0.05247741     0.00699954
  1491     0.05224795     0.00701743
  1492     0.05201929     0.00703543
  1493     0.05179143     0.00705352
  1494     0.05156440     0.00707171
  1495     0.05133820     0.00708999
  1496     0.05111283     0.00710835
  1497     0.05088831     0.00712680
  1498     0.05066463     0.00714534
  1499     0.05044181     0.00716395
  1500     0.05021985     0.00718264
  1501     0.04999877     0.00720140
  1502     0.04977855     0.00722024
  1503     0.04955922     0.00723915
  1504     0.04934077     0.00725813
  1505     0.04912320     0.00727718
  1506     0.04890653     0.00729631
  1507     0.04869075     0.00731551
  1508     0.04847587     0.00733478
  1509     0.04826189     0.00735413
  1510     0.04804881     0.00737356
  1511     0.04783663     0.00739307
  1512     0.04762535     0.00741266
  1513     0.04741498     0.00743234
  1514     0.04720551     0.00745211
  1515     0.04699694     0.00747197
  1516     0.04678928     0.00749193
  1517     0.04658252     0.00751200
  1518     0.04637665     0.00753218
  1519     0.04617169     0.00755247
  1520     0.04596762     0.00757288
  1521     0.04576444     0.00759342
  1522     0.04556215     0.00761409
  1523     0.04536075     0.00763490
  1524     0.04516023     0.00765586
  1525     0.04496059     0.00767697
  1526     0.04476183     0.00769823
  1527     0.04456393     0.00771966
  1528     0.04436691     0.00774126
  1529     0.04417074     0.00776304
  1530     0.04397543     0.00778499
  1531     0.04378097     0.00780714
  1532     0.04358735     0.00782948
  1533     0.04339458     0.00785201
  1534     0.04320264     0.00787475
  1535     0.04301153     0.00789770
  1536     0.04282124     0.00792085
  1537     0.04263178     0.00794422
  1538     0.04244312     0.00796781
  1539     0.04225527     0.00799161
  1540     0.04206821     0.00801564
  1541     0.04188196     0.00803989
  1542     0.04169649     0.00806436
  1543     0.04151180     0.00808906
  1544     0.04132789     0.00811399
  1545     0.04114475     0.00813913
  1546     0.04096238     0.00816450
  1547     0.04078077     0.00819010
  1548     0.04059991     0.00821591
  1549     0.04041980     0.00824194
  1550     0.04024044     0.00826818
  1551     0.04006181     0.00829464
  1552     0.03988392     0.00832130
  1553     0.03970676     0.00834817
  1554     0.03953033     0.00837525
  1555     0.03935461     0.00840252
  1556     0.03917962     0.00842998
  1557     0.03900533     0.00845763
  1558     0.03883176     0.00848547
  1559     0.03865889     0.00851349
  1560     0.03848673     0.00854169
  1561     0.03831526     0.00857006
  1562     0.03814449     0.00859861
  1563     0.03797441     0.00862732
  1564     0.03780503     0.00865620
  1565     0.03763633     0.00868523
  1566     0.03746833     0.00871443
  1567     0.03730100     0.00874379
  1568     0.03713436     0.00877331
  1569     0.03696840     0.00880298
  1570     0.03680312     0.00883281
  1571     0.03663852     0.00886280
  1572     0.03647460     0.00889294
  1573     0.03631135     0.00892325
  1574     0.03614878     0.00895372
  1575     0.03598688     0.00898435
  1576     0.03582566     0.00901516
  1577     0.03566512     0.00904614
  1578     0.03550524     0.00907729
  1579     0.03534604     0.00910864
  1580     0.03518752     0.00914017
  1581     0.03502966     0.00917190
  1582     0.03487248     0.00920384
  1583     0.03471597     0.00923599
  1584     0.03456014     0.00926836
  1585     0.03440498     0.00930096
  1586     0.03425049     0.00933380
  1587     0.03409667     0.00936689
  1588     0.03394353     0.00940023
  1589     0.03379106     0.00943385
  1590     0.03363926     0.00946774
  1591     0.03348814     0.00950192
  1592     0.03333768     0.00953640
  1593     0.03318790     0.00957119
  1594     0.03303879     0.00960630
  1595     0.03289035     0.00964173
  1596     0.03274258     0.00967750
  1597     0.03259547     0.00971363
  1598     0.03244904     0.00975010
  1599     0.03230327     0.00978695
  1600     0.03215817     0.00982417
  1601     0.03201373     0.00986177
  1602     0.03186996     0.00989976
  1603     0.03172684     0.00993814
  1604     0.03158439     0.00997692
  1605     0.03144259     0.01001611
  1606     0.03130144     0.01005571
  1607     0.03116094     0.01009572
  1608     0.03102110     0.01013616
  1609     0.03088190     0.01017700
  1610     0.03074334     0.01021827
  1611     0.03060542     0.01025996
  1612     0.03046813     0.01030206
  1613     0.03033148     0.01034458
  1614     0.03019545     0.01038751
  1615     0.03006005     0.01043086
  1616     0.02992527     0.01047461
  1617     0.02979110     0.01051876
  1618     0.02965754     0.01056330
  1619     0.02952458     0.01060823
  1620     0.02939222     0.01065353
  1621     0.02926046     0.01069920
  1622     0.02912928     0.01074524
  1623     0.02899869     0.01079162
  1624     0.02886867     0.01083833
  1625     0.02873923     0.01088537
  1626     0.02861035     0.01093272
  1627     0.02848203     0.01098037
  1628     0.02835426     0.01102830
  1629     0.02822703     0.01107650
  1630     0.02810035     0.01112496
  1631     0.02797419     0.01117365
  1632     0.02784856     0.01122256
  1633     0.02772346     0.01127168
  1634     0.02759886     0.01132098
  1635     0.02747477     0.01137046
  1636     0.02735118     0.01142010
  1637     0.02722808     0.01146987
  1638     0.02710547     0.01151976
  1639     0.02698334     0.01156975
  1640     0.02686168     0.01161984
  1641     0.02674048     0.01166999
  1642     0.02661974     0.01172019
  1643     0.02649946     0.01177043
  1644     0.02637962     0.01182069
  1645     0.02626023     0.01187095
  1646     0.02614126     0.01192120
  1647     0.02602273     0.01197143
  1648     0.02590462     0.01202162
  1649     0.02578692     0.01207175
  1650     0.02566963     0.01212182
  1651     0.02555275     0.01217181
  1652     0.02543627     0.01222172
  1653     0.02532019     0.01227153
  1654     0.02520450     0.01232122
  1655     0.02508919     0.01237081
  1656     0.02497426     0.01242027
  1657     0.02485971     0.01246960
  1658     0.02474553     0.01251880
  1659     0.02463173     0.01256786
  1660     0.02451828     0.01261679
  1661     0.02440521     0.01266557
  1662     0.02429249     0.01271421
  1663     0.02418012     0.01276271
  1664     0.02406811     0.01281108
  1665     0.02395646     0.01285931
  1666     0.02384515     0.01290742
  1667     0.02373419     0.01295540
  1668     0.02362358     0.01300328
  1669     0.02351331     0.01305105
  1670     0.02340338     0.01309873
  1671     0.02329380     0.01314633
  1672     0.02318455     0.01319387
  1673     0.02307565     0.01324135
  1674     0.02296709     0.01328880
  1675     0.02285887     0.01333623
  1676     0.02275098     0.01338366
  1677     0.02264344     0.01343111
  1678     0.02253624     0.01347860
  1679     0.02242938     0.01352615
  1680     0.02232286     0.01357378
  1681     0.02221669     0.01362152
  1682     0.02211086     0.01366939
  1683     0.02200537     0.01371741
  1684     0.02190023     0.01376562
  1685     0.02179543     0.01381403
  1686     0.02169098     0.01386268
  1687     0.02158688     0.01391158
  1688     0.02148314     0.01396078
  1689     0.02137974     0.01401028
  1690     0.02127670     0.01406013
  1691     0.02117402     0.01411034
  1692     0.02107169     0.01416095
  1693     0.02096972     0.01421199
  1694     0.02086811     0.01426347
  1695     0.02076687     0.01431543
  1696     0.02066598     0.01436789
  1697     0.02056547     0.01442088
  1698     0.02046532     0.01447442
  1699     0.02036553     0.01452854
  1700     0.02026612     0.01458327
  1701     0.02016707     0.01463861
  1702     0.02006840     0.01469460
  1703     0.01997010     0.01475126
  1704     0.01987217     0.01480860
  1705     0.01977462     0.01486665
  1706     0.01967744     0.01492542
  1707     0.01958064     0.01498494
  1708     0.01948422     0.01504521
  1709     0.01938817     0.01510625
  1710     0.01929250     0.01516807
  1711     0.01919720     0.01523069
  1712     0.01910228     0.01529412
  1713     0.01900774     0.01535837
  1714     0.01891357     0.01542344
  1715     0.01881978     0.01548934
  1716     0.01872636     0.01555608
  1717     0.01863332     0.01562366
  1718     0.01854064     0.01569209
  1719     0.01844834     0.01576136
  1720     0.01835641     0.01583148
  1721     0.01826485     0.01590244
  1722     0.01817365     0.01597426
  1723     0.01808282     0.01604691
  1724     0.01799235     0.01612040
  1725     0.01790225     0.01619473
  1726     0.01781250     0.01626988
  1727     0.01772311     0.01634584
  1728     0.01763407     0.01642262
  1729     0.01754538     0.01650019
  1730     0.01745705     0.01657855
  1731     0.01736906     0.01665769
  1732     0.01728141     0.01673759
  1733     0.01719411     0.01681824
  1734     0.01710714     0.01689962
  1735     0.01702051     0.01698172
  1736     0.01693421     0.01706453
  1737     0.01684824     0.01714802
  1738     0.01676260     0.01723217
  1739     0.01667728     0.01731697
  1740     0.01659228     0.01740241
  1741     0.01650760     0.01748845
  1742     0.01642324     0.01757508
  1743     0.01633919     0.01766227
  1744     0.01625545     0.01775001
  1745     0.01617201     0.01783828
  1746     0.01608889     0.01792705
  1747     0.01600606     0.01801630
  1748     0.01592353     0.01810601
  1749     0.01584130     0.01819615
  1750     0.01575937     0.01828671
  1751     0.01567773     0.01837766
  1752     0.01559639     0.01846898
  1753     0.01551533     0.01856064
  1754     0.01543456     0.01865263
  1755     0.01535408     0.01874493
  1756     0.01527389     0.01883752
  1757     0.01519399     0.01893036
  1758     0.01511437     0.01902346
  1759     0.01503503     0.01911678
  1760     0.01495598     0.01921031
  1761     0.01487721     0.01930404
  1762     0.01479873     0.01939794
  1763     0.01472053     0.01949201
  1764     0.01464261     0.01958623
  1765     0.01456499     0.01968059
  1766     0.01448765     0.01977507
  1767     0.01441060     0.01986968
  1768     0.01433384     0.01996440
  1769     0.01425737     0.02005922
  1770     0.01418119     0.02015414
  1771     0.01410531     0.02024916
  1772     0.01402973     0.02034427
  1773     0.01395444     0.02043948
  1774     0.01387946     0.02053478
  1775     0.01380479     0.02063019
  1776     0.01373043     0.02072569
  1777     0.01365638     0.02082131
  1778     0.01358264     0.02091705
  1779     0.01350923     0.02101291
  1780     0.01343614     0.02110890
  1781     0.01336337     0.02120505
  1782     0.01329094     0.02130136
  1783     0.01321884     0.02139784
  1784     0.01314709     0.02149452
  1785     0.01307567     0.02159140
  1786     0.01300461     0.02168851
  1787     0.01293390     0.02178586
  1788     0.01286355     0.02188348
  1789     0.01279357     0.02198137
  1790     0.01272395     0.02207957
  1791     0.01265470     0.02217809
  1792     0.01258583     0.02227695
  1793     0.01251734     0.02237618
  1794     0.01244924     0.02247579
  1795     0.01238153     0.02257580
  1796     0.01231422     0.02267624
  1797     0.01224731     0.02277713
  1798     0.01218080     0.02287848
  1799     0.01211471     0.02298031
  1800     0.01204903     0.02308265
  1801     0.01198376     0.02318550
  1802     0.01191892     0.02328889
  1803     0.01185451     0.02339284
  1804     0.01179052     0.02349735
  1805     0.01172697     0.02360244
  1806     0.01166386     0.02370813
  1807     0.01160119     0.02381443
  1808     0.01153896     0.02392134
  1809     0.01147717     0.02402888
  1810     0.01141584     0.02413706
  1811     0.01135495     0.02424588
  1812     0.01129452     0.02435535
  1813     0.01123455     0.02446548
  1814     0.01117503     0.02457626
  1815     0.01111597     0.02468771
  1816     0.01105736     0.02479983
  1817     0.01099922     0.02491262
  1818     0.01094153     0.02502608
  1819     0.01088431     0.02514021
  1820     0.01082754     0.02525502
  1821     0.01077124     0.02537050
  1822     0.01071539     0.02548665
  1823     0.01066000     0.02560348
  1824     0.01060506     0.02572099
  1825     0.01055058     0.02583916
  1826     0.01049655     0.02595802
  1827     0.01044297     0.02607755
  1828     0.01038984     0.02619775
  1829     0.01033715     0.02631864
  1830     0.01028491     0.02644021
  1831     0.01023310     0.02656246
  1832     0.01018172     0.02668539
  1833     0.01013077     0.02680903
  1834     0.01008025     0.02693336
  1835     0.01003015     0.02705839
  1836     0.00998046     0.02718414
  1837     0.00993119     0.02731061
  1838     0.00988232     0.02743781
  1839     0.00983385     0.02756575
  1840     0.00978577     0.02769444
  1841     0.00973808     0.02782390
  1842     0.00969078     0.02795414
  1843     0.00964384     0.02808517
  1844     0.00959728     0.02821701
  1845     0.00955108     0.02834968
  1846     0.00950524     0.02848319
  1847     0.00945974     0.02861755
  1848     0.00941458     0.02875279
  1849     0.00936976     0.02888893
  1850     0.00932527     0.02902598
  1851     0.00928109     0.02916396
  1852     0.00923723     0.02930290
  1853     0.00919367     0.02944279
  1854     0.00915040     0.02958368
  1855     0.00910743     0.02972557
  1856     0.00906474     0.02986848
  1857     0.00902232     0.03001242
  1858     0.00898017     0.03015742
  1859     0.00893827     0.03030348
  1860     0.00889663     0.03045062
  1861     0.00885523     0.03059886
  1862     0.00881406     0.03074819
  1863     0.00877313     0.03089864
  1864     0.00873241     0.03105021
  1865     0.00869191     0.03120290
  1866     0.00865162     0.03135673
  1867     0.00861153     0.03151168
  1868     0.00857163     0.03166778
  1869     0.00853191     0.03182501
  1870     0.00849238     0.03198336
  1871     0.00845301     0.03214285
  1872     0.00841382     0.03230346
  1873     0.00837478     0.03246519
  1874     0.00833590     0.03262803
  1875     0.00829717     0.03279196
  1876     0.00825858     0.03295698
  1877     0.00822012     0.03312308
  1878     0.00818180     0.03329023
  1879     0.00814360     0.03345843
  1880     0.00810553     0.03362766
  1881     0.00806757     0.03379790
  1882     0.00802973     0.03396915
  1883     0.00799199     0.03414137
  1884     0.00795436     0.03431455
  1885     0.00791683     0.03448869
  1886     0.00787939     0.03466376
  1887     0.00784205     0.03483974
  1888     0.00780479     0.03501662
  1889     0.00776762     0.03519439
  1890     0.00773053     0.03537304
  1891     0.00769352     0.03555255
  1892     0.00765659     0.03573292
  1893     0.00761974     0.03591414
  1894     0.00758295     0.03609620
  1895     0.00754624     0.03627910
  1896     0.00750960     0.03646285
  1897     0.00747302     0.03664744
  1898     0.00743651     0.03683287
  1899     0.00740006     0.03701917
  1900     0.00736367     0.03720633
  1901     0.00732735     0.03739438
  1902     0.00729108     0.03758333
  1903     0.00725488     0.03777321
  1904     0.00721873     0.03796403
  1905     0.00718265     0.03815584
  1906     0.00714662     0.03834865
  1907     0.00711065     0.03854251
  1908     0.00707473     0.03873745
  1909     0.00703888     0.03893351
  1910     0.00700308     0.03913074
  1911     0.00696734     0.03932919
  1912     0.00693166     0.03952891
  1913     0.00689604     0.03972995
  1914     0.00686048     0.03993236
  1915     0.00682498     0.04013621
  1916     0.00678954     0.04034155
  1917     0.00675416     0.04054844
  1918     0.00671884     0.04075695
  1919     0.00668358     0.04096713
  1920     0.00664839     0.04117906
  1921     0.00661327     0.04139279
  1922     0.00657821     0.04160839
  1923     0.00654322     0.04182592
  1924     0.00650830     0.04204544
  1925     0.00647345     0.04226702
  1926     0.00643867     0.04249071
  1927     0.00640396     0.04271656
  1928     0.00636933     0.04294463
  1929     0.00633478     0.04317497
  1930     0.00630030     0.04340764
  1931     0.00626591     0.04364266
  1932     0.00623159     0.04388008
  1933     0.00619736     0.04411994
  1934     0.00616321     0.04436226
  1935     0.00612916     0.04460707
  1936     0.00609519     0.04485439
  1937     0.00606131     0.04510424
  1938     0.00602752     0.04535661
  1939     0.00599384     0.04561153
  1940     0.00596025     0.04586897
  1941     0.00592676     0.04612894
  1942     0.00589337     0.04639142
  1943     0.00586009     0.04665640
  1944     0.00582691     0.04692383
  1945     0.00579385     0.04719370
  1946     0.00576090     0.04746597
  1947     0.00572806     0.04774059
  1948     0.00569534     0.04801752
  1949     0.00566275     0.04829670
  1950     0.00563028     0.04857809
  1951     0.00559793     0.04886162
  1952     0.00556572     0.04914723
  1953     0.00553364     0.04943486
  1954     0.00550169     0.04972443
  1955     0.00546988     0.05001589
  1956     0.00543822     0.05030915
  1957     0.00540670     0.05060414
  1958     0.00537534     0.05090080
  1959     0.00534412     0.05119905
  1960     0.00531306     0.05149882
  1961     0.00528216     0.05180004
  1962     0.00525143     0.05210265
  1963     0.00522086     0.05240658
  1964     0.00519046     0.05271177
  1965     0.00516024     0.05301817
  1966     0.00513019     0.05332572
  1967     0.00510033     0.05363437
  1968     0.00507065     0.05394408
  1969     0.00504116     0.05425483
  1970     0.00501186     0.05456656
  1971     0.00498276     0.05487927
  1972     0.00495386     0.05519294
  1973     0.00492516     0.05550755
  1974     0.00489667     0.05582311
  1975     0.00486839     0.05613961
  1976     0.00484032     0.05645709
  1977     0.00481247     0.05677555
  1978     0.00478484     0.05709502
  1979     0.00475744     0.05741554
  1980     0.00473026     0.05773716
  1981     0.00470331     0.05805992
  1982     0.00467659     0.05838389
  1983     0.00465011     0.05870913
  1984     0.00462387     0.05903571
  1985     0.00459787     0.05936370
  1986     0.00457211     0.05969320
  1987     0.00454659     0.06002429
  1988     0.00452132     0.06035706
  1989     0.00449630     0.06069161
  1990     0.00447153     0.06102803
  1991     0.00444701     0.06136644
  1992     0.00442275     0.06170692
  1993     0.00439873     0.06204959
  1994     0.00437497     0.06239455
  1995     0.00435146     0.06274191
  1996     0.00432821     0.06309175
  1997     0.00430521     0.06344420
  1998     0.00428246     0.06379934
  1999     0.00425997     0.06415727
  2000     0.00423772     0.06451808
