# Wilkinson Microwave Anisotropy Probe (WMAP) 9 year data release, version 5.1
# Beam Transfer Function (amplitude) for differencing assembly W4,
# normalized to 1.0 at l=1.  The window function is the square of the
# beam transfer function.
# Reference = WMAP Explanatory Supplement: http://lambda.gsfc.nasa.gov/
# Column 1 = multipole moment l
# Column 2 = beam transfer function (amplitude), dimensionless units.
# Column 3 = 1-sigma frectional error,  delta_b_l / b_l.  See 
#             Hill et al. 2009 ApJ 180,246 for a detailed discussion of 
#             error computation.
# 
     0     1.00001622     0.00000297
     1     1.00000000     0.00000000
     2     0.99996755     0.00000593
     3     0.99991891     0.00001483
     4     0.99985407     0.00002667
     5     0.99977307     0.00004144
     6     0.99967594     0.00005911
     7     0.99956268     0.00007968
     8     0.99943337     0.00010311
     9     0.99928803     0.00012937
    10     0.99912671     0.00015842
    11     0.99894947     0.00019023
    12     0.99875637     0.00022475
    13     0.99854748     0.00026195
    14     0.99832287     0.00030176
    15     0.99808259     0.00034415
    16     0.99782676     0.00038905
    17     0.99755543     0.00043640
    18     0.99726871     0.00048616
    19     0.99696668     0.00053824
    20     0.99664946     0.00059259
    21     0.99631713     0.00064913
    22     0.99596981     0.00070779
    23     0.99560760     0.00076850
    24     0.99523063     0.00083119
    25     0.99483901     0.00089576
    26     0.99443287     0.00096215
    27     0.99401234     0.00103026
    28     0.99357753     0.00110001
    29     0.99312860     0.00117133
    30     0.99266567     0.00124411
    31     0.99218887     0.00131827
    32     0.99169838     0.00139372
    33     0.99119433     0.00147037
    34     0.99067684     0.00154813
    35     0.99014610     0.00162690
    36     0.98960224     0.00170659
    37     0.98904543     0.00178711
    38     0.98847582     0.00186836
    39     0.98789359     0.00195025
    40     0.98729886     0.00203269
    41     0.98669184     0.00211557
    42     0.98607267     0.00219882
    43     0.98544151     0.00228233
    44     0.98479853     0.00236602
    45     0.98414391     0.00244980
    46     0.98347782     0.00253356
    47     0.98280042     0.00261723
    48     0.98211188     0.00270072
    49     0.98141239     0.00278394
    50     0.98070210     0.00286680
    51     0.97998119     0.00294923
    52     0.97924982     0.00303114
    53     0.97850818     0.00311245
    54     0.97775643     0.00319309
    55     0.97699475     0.00327298
    56     0.97622330     0.00335204
    57     0.97544225     0.00343022
    58     0.97465175     0.00350743
    59     0.97385201     0.00358361
    60     0.97304317     0.00365870
    61     0.97222540     0.00373264
    62     0.97139886     0.00380537
    63     0.97056373     0.00387684
    64     0.96972015     0.00394699
    65     0.96886828     0.00401577
    66     0.96800831     0.00408314
    67     0.96714036     0.00414905
    68     0.96626460     0.00421346
    69     0.96538119     0.00427634
    70     0.96449026     0.00433765
    71     0.96359199     0.00439735
    72     0.96268651     0.00445543
    73     0.96177395     0.00451184
    74     0.96085448     0.00456658
    75     0.95992822     0.00461962
    76     0.95899533     0.00467094
    77     0.95805593     0.00472053
    78     0.95711015     0.00476837
    79     0.95615815     0.00481447
    80     0.95520002     0.00485881
    81     0.95423590     0.00490139
    82     0.95326592     0.00494221
    83     0.95229021     0.00498127
    84     0.95130887     0.00501858
    85     0.95032203     0.00505414
    86     0.94932981     0.00508797
    87     0.94833230     0.00512007
    88     0.94732963     0.00515047
    89     0.94632188     0.00517917
    90     0.94530919     0.00520620
    91     0.94429164     0.00523157
    92     0.94326932     0.00525531
    93     0.94224235     0.00527744
    94     0.94121082     0.00529799
    95     0.94017481     0.00531698
    96     0.93913441     0.00533444
    97     0.93808972     0.00535041
    98     0.93704082     0.00536492
    99     0.93598779     0.00537799
   100     0.93493072     0.00538966
   101     0.93386968     0.00539997
   102     0.93280474     0.00540894
   103     0.93173598     0.00541663
   104     0.93066349     0.00542306
   105     0.92958732     0.00542827
   106     0.92850755     0.00543231
   107     0.92742424     0.00543520
   108     0.92633744     0.00543699
   109     0.92524724     0.00543772
   110     0.92415368     0.00543742
   111     0.92305686     0.00543615
   112     0.92195679     0.00543392
   113     0.92085354     0.00543080
   114     0.91974719     0.00542680
   115     0.91863775     0.00542199
   116     0.91752531     0.00541638
   117     0.91640992     0.00541003
   118     0.91529162     0.00540296
   119     0.91417045     0.00539523
   120     0.91304645     0.00538685
   121     0.91191970     0.00537788
   122     0.91079024     0.00536835
   123     0.90965808     0.00535829
   124     0.90852330     0.00534774
   125     0.90738593     0.00533673
   126     0.90624602     0.00532530
   127     0.90510360     0.00531348
   128     0.90395872     0.00530130
   129     0.90281141     0.00528879
   130     0.90166172     0.00527598
   131     0.90050969     0.00526290
   132     0.89935536     0.00524959
   133     0.89819876     0.00523606
   134     0.89703994     0.00522234
   135     0.89587891     0.00520847
   136     0.89471575     0.00519446
   137     0.89355048     0.00518034
   138     0.89238312     0.00516614
   139     0.89121373     0.00515186
   140     0.89004234     0.00513755
   141     0.88886899     0.00512321
   142     0.88769371     0.00510886
   143     0.88651654     0.00509453
   144     0.88533752     0.00508023
   145     0.88415669     0.00506597
   146     0.88297409     0.00505178
   147     0.88178976     0.00503767
   148     0.88060371     0.00502365
   149     0.87941602     0.00500973
   150     0.87822669     0.00499593
   151     0.87703579     0.00498226
   152     0.87584335     0.00496872
   153     0.87464940     0.00495534
   154     0.87345398     0.00494211
   155     0.87225715     0.00492905
   156     0.87105893     0.00491616
   157     0.86985937     0.00490345
   158     0.86865850     0.00489093
   159     0.86745639     0.00487860
   160     0.86625305     0.00486646
   161     0.86504854     0.00485452
   162     0.86384290     0.00484279
   163     0.86263617     0.00483127
   164     0.86142839     0.00481996
   165     0.86021963     0.00480885
   166     0.85900990     0.00479797
   167     0.85779926     0.00478729
   168     0.85658776     0.00477684
   169     0.85537543     0.00476660
   170     0.85416235     0.00475658
   171     0.85294853     0.00474678
   172     0.85173402     0.00473719
   173     0.85051889     0.00472782
   174     0.84930318     0.00471867
   175     0.84808692     0.00470974
   176     0.84687019     0.00470102
   177     0.84565301     0.00469251
   178     0.84443544     0.00468422
   179     0.84321752     0.00467614
   180     0.84199932     0.00466828
   181     0.84078087     0.00466062
   182     0.83956223     0.00465317
   183     0.83834345     0.00464593
   184     0.83712457     0.00463890
   185     0.83590565     0.00463207
   186     0.83468673     0.00462545
   187     0.83346787     0.00461904
   188     0.83224912     0.00461283
   189     0.83103050     0.00460682
   190     0.82981211     0.00460101
   191     0.82859397     0.00459541
   192     0.82737614     0.00459000
   193     0.82615867     0.00458480
   194     0.82494160     0.00457980
   195     0.82372497     0.00457500
   196     0.82250886     0.00457040
   197     0.82129329     0.00456600
   198     0.82007833     0.00456181
   199     0.81886400     0.00455781
   200     0.81765037     0.00455402
   201     0.81643749     0.00455043
   202     0.81522540     0.00454704
   203     0.81401412     0.00454385
   204     0.81280374     0.00454087
   205     0.81159428     0.00453809
   206     0.81038578     0.00453551
   207     0.80917830     0.00453314
   208     0.80797186     0.00453097
   209     0.80676653     0.00452901
   210     0.80556234     0.00452726
   211     0.80435931     0.00452571
   212     0.80315751     0.00452437
   213     0.80195695     0.00452323
   214     0.80075768     0.00452231
   215     0.79955976     0.00452159
   216     0.79836319     0.00452108
   217     0.79716802     0.00452077
   218     0.79597429     0.00452068
   219     0.79478201     0.00452079
   220     0.79359123     0.00452111
   221     0.79240198     0.00452163
   222     0.79121427     0.00452236
   223     0.79002815     0.00452329
   224     0.78884364     0.00452443
   225     0.78766076     0.00452577
   226     0.78647953     0.00452731
   227     0.78529998     0.00452905
   228     0.78412214     0.00453099
   229     0.78294600     0.00453313
   230     0.78177161     0.00453546
   231     0.78059897     0.00453798
   232     0.77942810     0.00454069
   233     0.77825902     0.00454358
   234     0.77709171     0.00454666
   235     0.77592623     0.00454992
   236     0.77476256     0.00455336
   237     0.77360071     0.00455696
   238     0.77244070     0.00456074
   239     0.77128253     0.00456468
   240     0.77012618     0.00456878
   241     0.76897170     0.00457304
   242     0.76781904     0.00457745
   243     0.76666823     0.00458200
   244     0.76551927     0.00458669
   245     0.76437214     0.00459151
   246     0.76322686     0.00459646
   247     0.76208339     0.00460153
   248     0.76094176     0.00460671
   249     0.75980193     0.00461200
   250     0.75866391     0.00461739
   251     0.75752767     0.00462287
   252     0.75639323     0.00462844
   253     0.75526053     0.00463408
   254     0.75412960     0.00463979
   255     0.75300040     0.00464555
   256     0.75187294     0.00465137
   257     0.75074716     0.00465723
   258     0.74962308     0.00466313
   259     0.74850064     0.00466904
   260     0.74737987     0.00467497
   261     0.74626070     0.00468091
   262     0.74514314     0.00468684
   263     0.74402715     0.00469275
   264     0.74291273     0.00469864
   265     0.74179982     0.00470450
   266     0.74068841     0.00471031
   267     0.73957850     0.00471607
   268     0.73847002     0.00472176
   269     0.73736298     0.00472739
   270     0.73625733     0.00473293
   271     0.73515306     0.00473838
   272     0.73405013     0.00474372
   273     0.73294853     0.00474896
   274     0.73184820     0.00475408
   275     0.73074915     0.00475907
   276     0.72965132     0.00476392
   277     0.72855470     0.00476863
   278     0.72745928     0.00477319
   279     0.72636499     0.00477758
   280     0.72527183     0.00478181
   281     0.72417978     0.00478587
   282     0.72308880     0.00478974
   283     0.72199887     0.00479343
   284     0.72090995     0.00479692
   285     0.71982205     0.00480021
   286     0.71873512     0.00480331
   287     0.71764913     0.00480619
   288     0.71656408     0.00480887
   289     0.71547995     0.00481133
   290     0.71439669     0.00481357
   291     0.71331430     0.00481560
   292     0.71223275     0.00481740
   293     0.71115206     0.00481898
   294     0.71007217     0.00482033
   295     0.70899307     0.00482146
   296     0.70791477     0.00482237
   297     0.70683724     0.00482305
   298     0.70576046     0.00482351
   299     0.70468443     0.00482375
   300     0.70360914     0.00482376
   301     0.70253459     0.00482357
   302     0.70146077     0.00482315
   303     0.70038766     0.00482253
   304     0.69931527     0.00482170
   305     0.69824359     0.00482067
   306     0.69717262     0.00481944
   307     0.69610236     0.00481802
   308     0.69503282     0.00481641
   309     0.69396401     0.00481462
   310     0.69289591     0.00481265
   311     0.69182853     0.00481052
   312     0.69076190     0.00480822
   313     0.68969601     0.00480577
   314     0.68863088     0.00480317
   315     0.68756652     0.00480043
   316     0.68650293     0.00479756
   317     0.68544014     0.00479456
   318     0.68437817     0.00479144
   319     0.68331704     0.00478822
   320     0.68225675     0.00478489
   321     0.68119733     0.00478147
   322     0.68013880     0.00477797
   323     0.67908120     0.00477440
   324     0.67802453     0.00477075
   325     0.67696882     0.00476705
   326     0.67591410     0.00476330
   327     0.67486041     0.00475950
   328     0.67380776     0.00475568
   329     0.67275619     0.00475183
   330     0.67170572     0.00474796
   331     0.67065640     0.00474408
   332     0.66960825     0.00474021
   333     0.66856129     0.00473634
   334     0.66751558     0.00473248
   335     0.66647115     0.00472865
   336     0.66542802     0.00472485
   337     0.66438622     0.00472108
   338     0.66334582     0.00471736
   339     0.66230683     0.00471369
   340     0.66126928     0.00471008
   341     0.66023323     0.00470652
   342     0.65919871     0.00470304
   343     0.65816575     0.00469963
   344     0.65713439     0.00469630
   345     0.65610468     0.00469305
   346     0.65507663     0.00468989
   347     0.65405031     0.00468682
   348     0.65302573     0.00468384
   349     0.65200294     0.00468097
   350     0.65098199     0.00467819
   351     0.64996288     0.00467553
   352     0.64894568     0.00467296
   353     0.64793042     0.00467051
   354     0.64691711     0.00466817
   355     0.64590582     0.00466594
   356     0.64489655     0.00466382
   357     0.64388936     0.00466182
   358     0.64288426     0.00465993
   359     0.64188131     0.00465815
   360     0.64088050     0.00465649
   361     0.63988189     0.00465493
   362     0.63888551     0.00465349
   363     0.63789137     0.00465216
   364     0.63689950     0.00465094
   365     0.63590992     0.00464982
   366     0.63492268     0.00464881
   367     0.63393778     0.00464789
   368     0.63295526     0.00464708
   369     0.63197512     0.00464636
   370     0.63099737     0.00464574
   371     0.63002207     0.00464520
   372     0.62904919     0.00464476
   373     0.62807879     0.00464439
   374     0.62711085     0.00464410
   375     0.62614540     0.00464389
   376     0.62518244     0.00464376
   377     0.62422199     0.00464368
   378     0.62326405     0.00464368
   379     0.62230863     0.00464373
   380     0.62135574     0.00464384
   381     0.62040538     0.00464401
   382     0.61945756     0.00464422
   383     0.61851227     0.00464448
   384     0.61756952     0.00464478
   385     0.61662929     0.00464511
   386     0.61569161     0.00464549
   387     0.61475647     0.00464589
   388     0.61382383     0.00464633
   389     0.61289374     0.00464679
   390     0.61196614     0.00464727
   391     0.61104104     0.00464777
   392     0.61011844     0.00464829
   393     0.60919833     0.00464883
   394     0.60828069     0.00464938
   395     0.60736550     0.00464995
   396     0.60645275     0.00465052
   397     0.60554244     0.00465111
   398     0.60463453     0.00465170
   399     0.60372903     0.00465230
   400     0.60282591     0.00465291
   401     0.60192514     0.00465352
   402     0.60102673     0.00465414
   403     0.60013062     0.00465477
   404     0.59923682     0.00465540
   405     0.59834530     0.00465604
   406     0.59745604     0.00465669
   407     0.59656901     0.00465734
   408     0.59568419     0.00465801
   409     0.59480158     0.00465868
   410     0.59392112     0.00465936
   411     0.59304280     0.00466006
   412     0.59216660     0.00466077
   413     0.59129248     0.00466149
   414     0.59042044     0.00466223
   415     0.58955045     0.00466299
   416     0.58868248     0.00466376
   417     0.58781648     0.00466456
   418     0.58695247     0.00466539
   419     0.58609039     0.00466623
   420     0.58523023     0.00466711
   421     0.58437195     0.00466801
   422     0.58351555     0.00466894
   423     0.58266099     0.00466990
   424     0.58180824     0.00467090
   425     0.58095730     0.00467193
   426     0.58010810     0.00467300
   427     0.57926067     0.00467411
   428     0.57841495     0.00467526
   429     0.57757093     0.00467644
   430     0.57672858     0.00467767
   431     0.57588790     0.00467895
   432     0.57504883     0.00468026
   433     0.57421139     0.00468162
   434     0.57337553     0.00468303
   435     0.57254122     0.00468448
   436     0.57170848     0.00468598
   437     0.57087726     0.00468753
   438     0.57004755     0.00468912
   439     0.56921933     0.00469076
   440     0.56839260     0.00469245
   441     0.56756731     0.00469418
   442     0.56674346     0.00469596
   443     0.56592104     0.00469778
   444     0.56510003     0.00469965
   445     0.56428041     0.00470157
   446     0.56346216     0.00470352
   447     0.56264528     0.00470552
   448     0.56182977     0.00470756
   449     0.56101558     0.00470964
   450     0.56020271     0.00471175
   451     0.55939116     0.00471391
   452     0.55858093     0.00471609
   453     0.55777199     0.00471831
   454     0.55696432     0.00472055
   455     0.55615794     0.00472283
   456     0.55535282     0.00472512
   457     0.55454895     0.00472745
   458     0.55374634     0.00472979
   459     0.55294497     0.00473214
   460     0.55214482     0.00473452
   461     0.55134592     0.00473690
   462     0.55054824     0.00473930
   463     0.54975176     0.00474169
   464     0.54895651     0.00474409
   465     0.54816244     0.00474649
   466     0.54736960     0.00474889
   467     0.54657794     0.00475128
   468     0.54578748     0.00475366
   469     0.54499821     0.00475602
   470     0.54421011     0.00475836
   471     0.54342321     0.00476068
   472     0.54263748     0.00476298
   473     0.54185294     0.00476525
   474     0.54106957     0.00476749
   475     0.54028735     0.00476969
   476     0.53950633     0.00477185
   477     0.53872646     0.00477396
   478     0.53794776     0.00477603
   479     0.53717022     0.00477805
   480     0.53639384     0.00478001
   481     0.53561864     0.00478192
   482     0.53484458     0.00478376
   483     0.53407169     0.00478555
   484     0.53329994     0.00478726
   485     0.53252937     0.00478890
   486     0.53175993     0.00479047
   487     0.53099167     0.00479196
   488     0.53022453     0.00479337
   489     0.52945856     0.00479469
   490     0.52869375     0.00479594
   491     0.52793008     0.00479709
   492     0.52716756     0.00479815
   493     0.52640619     0.00479912
   494     0.52564597     0.00480000
   495     0.52488690     0.00480078
   496     0.52412897     0.00480146
   497     0.52337219     0.00480204
   498     0.52261655     0.00480252
   499     0.52186205     0.00480290
   500     0.52110871     0.00480318
   501     0.52035650     0.00480335
   502     0.51960543     0.00480342
   503     0.51885552     0.00480338
   504     0.51810673     0.00480324
   505     0.51735909     0.00480300
   506     0.51661260     0.00480265
   507     0.51586724     0.00480220
   508     0.51512303     0.00480165
   509     0.51437997     0.00480099
   510     0.51363803     0.00480024
   511     0.51289725     0.00479939
   512     0.51215759     0.00479844
   513     0.51141908     0.00479739
   514     0.51068172     0.00479626
   515     0.50994551     0.00479503
   516     0.50921042     0.00479371
   517     0.50847649     0.00479231
   518     0.50774371     0.00479083
   519     0.50701207     0.00478927
   520     0.50628159     0.00478763
   521     0.50555224     0.00478592
   522     0.50482405     0.00478414
   523     0.50409703     0.00478229
   524     0.50337115     0.00478038
   525     0.50264643     0.00477841
   526     0.50192287     0.00477638
   527     0.50120046     0.00477431
   528     0.50047924     0.00477218
   529     0.49975917     0.00477002
   530     0.49904029     0.00476781
   531     0.49832257     0.00476557
   532     0.49760604     0.00476330
   533     0.49689068     0.00476100
   534     0.49617651     0.00475868
   535     0.49546354     0.00475634
   536     0.49475175     0.00475399
   537     0.49404118     0.00475162
   538     0.49333179     0.00474925
   539     0.49262361     0.00474688
   540     0.49191666     0.00474450
   541     0.49121092     0.00474214
   542     0.49050640     0.00473978
   543     0.48980311     0.00473743
   544     0.48910105     0.00473510
   545     0.48840024     0.00473279
   546     0.48770066     0.00473050
   547     0.48700233     0.00472824
   548     0.48630526     0.00472600
   549     0.48560945     0.00472380
   550     0.48491490     0.00472163
   551     0.48422161     0.00471950
   552     0.48352962     0.00471740
   553     0.48283889     0.00471535
   554     0.48214945     0.00471333
   555     0.48146130     0.00471137
   556     0.48077445     0.00470944
   557     0.48008890     0.00470757
   558     0.47940465     0.00470575
   559     0.47872170     0.00470397
   560     0.47804007     0.00470225
   561     0.47735977     0.00470058
   562     0.47668077     0.00469896
   563     0.47600309     0.00469739
   564     0.47532674     0.00469588
   565     0.47465173     0.00469442
   566     0.47397803     0.00469301
   567     0.47330567     0.00469166
   568     0.47263465     0.00469036
   569     0.47196495     0.00468911
   570     0.47129660     0.00468792
   571     0.47062957     0.00468678
   572     0.46996388     0.00468568
   573     0.46929952     0.00468464
   574     0.46863649     0.00468365
   575     0.46797478     0.00468270
   576     0.46731441     0.00468181
   577     0.46665535     0.00468095
   578     0.46599763     0.00468015
   579     0.46534120     0.00467938
   580     0.46468609     0.00467866
   581     0.46403228     0.00467798
   582     0.46337976     0.00467734
   583     0.46272853     0.00467674
   584     0.46207860     0.00467617
   585     0.46142992     0.00467564
   586     0.46078251     0.00467515
   587     0.46013636     0.00467469
   588     0.45949145     0.00467426
   589     0.45884777     0.00467386
   590     0.45820532     0.00467350
   591     0.45756406     0.00467316
   592     0.45692401     0.00467285
   593     0.45628513     0.00467257
   594     0.45564743     0.00467231
   595     0.45501088     0.00467208
   596     0.45437545     0.00467188
   597     0.45374115     0.00467170
   598     0.45310795     0.00467155
   599     0.45247583     0.00467142
   600     0.45184478     0.00467132
   601     0.45121478     0.00467124
   602     0.45058580     0.00467118
   603     0.44995783     0.00467116
   604     0.44933084     0.00467115
   605     0.44870483     0.00467118
   606     0.44807977     0.00467123
   607     0.44745563     0.00467130
   608     0.44683238     0.00467141
   609     0.44621001     0.00467154
   610     0.44558851     0.00467171
   611     0.44496783     0.00467190
   612     0.44434796     0.00467213
   613     0.44372888     0.00467240
   614     0.44311055     0.00467269
   615     0.44249298     0.00467303
   616     0.44187611     0.00467340
   617     0.44125991     0.00467382
   618     0.44064440     0.00467427
   619     0.44002953     0.00467477
   620     0.43941526     0.00467531
   621     0.43880160     0.00467590
   622     0.43818849     0.00467654
   623     0.43757593     0.00467723
   624     0.43696388     0.00467797
   625     0.43635234     0.00467877
   626     0.43574124     0.00467962
   627     0.43513062     0.00468052
   628     0.43452041     0.00468149
   629     0.43391060     0.00468251
   630     0.43330117     0.00468360
   631     0.43269209     0.00468475
   632     0.43208337     0.00468596
   633     0.43147494     0.00468724
   634     0.43086682     0.00468859
   635     0.43025896     0.00469001
   636     0.42965137     0.00469149
   637     0.42904401     0.00469304
   638     0.42843686     0.00469466
   639     0.42782993     0.00469636
   640     0.42722317     0.00469812
   641     0.42661658     0.00469995
   642     0.42601015     0.00470186
   643     0.42540385     0.00470384
   644     0.42479770     0.00470588
   645     0.42419164     0.00470800
   646     0.42358569     0.00471019
   647     0.42297983     0.00471244
   648     0.42237406     0.00471476
   649     0.42176837     0.00471715
   650     0.42116273     0.00471960
   651     0.42055716     0.00472212
   652     0.41995165     0.00472470
   653     0.41934617     0.00472734
   654     0.41874074     0.00473003
   655     0.41813535     0.00473278
   656     0.41753001     0.00473558
   657     0.41692471     0.00473844
   658     0.41631944     0.00474134
   659     0.41571421     0.00474428
   660     0.41510903     0.00474727
   661     0.41450391     0.00475029
   662     0.41389882     0.00475335
   663     0.41329380     0.00475644
   664     0.41268884     0.00475956
   665     0.41208395     0.00476270
   666     0.41147913     0.00476586
   667     0.41087441     0.00476904
   668     0.41026977     0.00477222
   669     0.40966527     0.00477542
   670     0.40906086     0.00477861
   671     0.40845661     0.00478181
   672     0.40785248     0.00478500
   673     0.40724854     0.00478818
   674     0.40664477     0.00479134
   675     0.40604119     0.00479449
   676     0.40543783     0.00479761
   677     0.40483469     0.00480070
   678     0.40423180     0.00480376
   679     0.40362918     0.00480677
   680     0.40302685     0.00480975
   681     0.40242483     0.00481268
   682     0.40182313     0.00481555
   683     0.40122177     0.00481837
   684     0.40062080     0.00482113
   685     0.40002022     0.00482382
   686     0.39942005     0.00482644
   687     0.39882032     0.00482898
   688     0.39822106     0.00483145
   689     0.39762228     0.00483383
   690     0.39702402     0.00483613
   691     0.39642628     0.00483833
   692     0.39582911     0.00484044
   693     0.39523251     0.00484245
   694     0.39463652     0.00484436
   695     0.39404117     0.00484617
   696     0.39344647     0.00484787
   697     0.39285247     0.00484945
   698     0.39225915     0.00485093
   699     0.39166657     0.00485228
   700     0.39107473     0.00485352
   701     0.39048368     0.00485464
   702     0.38989342     0.00485564
   703     0.38930398     0.00485651
   704     0.38871540     0.00485726
   705     0.38812768     0.00485788
   706     0.38754085     0.00485837
   707     0.38695493     0.00485874
   708     0.38636993     0.00485897
   709     0.38578590     0.00485908
   710     0.38520283     0.00485906
   711     0.38462076     0.00485892
   712     0.38403969     0.00485864
   713     0.38345965     0.00485824
   714     0.38288065     0.00485772
   715     0.38230271     0.00485707
   716     0.38172586     0.00485630
   717     0.38115008     0.00485541
   718     0.38057542     0.00485440
   719     0.38000186     0.00485328
   720     0.37942945     0.00485204
   721     0.37885817     0.00485070
   722     0.37828803     0.00484925
   723     0.37771908     0.00484770
   724     0.37715128     0.00484605
   725     0.37658466     0.00484431
   726     0.37601922     0.00484247
   727     0.37545496     0.00484055
   728     0.37489192     0.00483855
   729     0.37433006     0.00483647
   730     0.37376941     0.00483432
   731     0.37320995     0.00483210
   732     0.37265171     0.00482982
   733     0.37209466     0.00482749
   734     0.37153882     0.00482511
   735     0.37098418     0.00482268
   736     0.37043073     0.00482021
   737     0.36987847     0.00481771
   738     0.36932741     0.00481517
   739     0.36877753     0.00481262
   740     0.36822882     0.00481005
   741     0.36768128     0.00480748
   742     0.36713491     0.00480489
   743     0.36658968     0.00480231
   744     0.36604559     0.00479974
   745     0.36550263     0.00479718
   746     0.36496078     0.00479464
   747     0.36442004     0.00479212
   748     0.36388038     0.00478963
   749     0.36334181     0.00478718
   750     0.36280430     0.00478477
   751     0.36226782     0.00478240
   752     0.36173238     0.00478008
   753     0.36119795     0.00477782
   754     0.36066451     0.00477562
   755     0.36013206     0.00477348
   756     0.35960056     0.00477141
   757     0.35906999     0.00476941
   758     0.35854036     0.00476749
   759     0.35801161     0.00476564
   760     0.35748376     0.00476388
   761     0.35695676     0.00476220
   762     0.35643060     0.00476062
   763     0.35590526     0.00475912
   764     0.35538070     0.00475771
   765     0.35485693     0.00475640
   766     0.35433392     0.00475518
   767     0.35381164     0.00475406
   768     0.35329006     0.00475304
   769     0.35276918     0.00475211
   770     0.35224896     0.00475129
   771     0.35172938     0.00475056
   772     0.35121044     0.00474994
   773     0.35069210     0.00474941
   774     0.35017433     0.00474898
   775     0.34965712     0.00474864
   776     0.34914047     0.00474840
   777     0.34862434     0.00474826
   778     0.34810869     0.00474821
   779     0.34759354     0.00474825
   780     0.34707884     0.00474837
   781     0.34656459     0.00474859
   782     0.34605074     0.00474888
   783     0.34553733     0.00474926
   784     0.34502430     0.00474971
   785     0.34451163     0.00475024
   786     0.34399932     0.00475083
   787     0.34348736     0.00475150
   788     0.34297572     0.00475223
   789     0.34246439     0.00475301
   790     0.34195336     0.00475386
   791     0.34144260     0.00475475
   792     0.34093213     0.00475569
   793     0.34042192     0.00475668
   794     0.33991194     0.00475770
   795     0.33940222     0.00475876
   796     0.33889273     0.00475984
   797     0.33838344     0.00476095
   798     0.33787438     0.00476209
   799     0.33736552     0.00476323
   800     0.33685687     0.00476439
   801     0.33634841     0.00476556
   802     0.33584014     0.00476673
   803     0.33533204     0.00476789
   804     0.33482414     0.00476905
   805     0.33431641     0.00477020
   806     0.33380886     0.00477134
   807     0.33330149     0.00477245
   808     0.33279429     0.00477354
   809     0.33228729     0.00477461
   810     0.33178044     0.00477564
   811     0.33127379     0.00477664
   812     0.33076731     0.00477760
   813     0.33026103     0.00477852
   814     0.32975493     0.00477940
   815     0.32924903     0.00478023
   816     0.32874333     0.00478101
   817     0.32823784     0.00478173
   818     0.32773256     0.00478240
   819     0.32722749     0.00478302
   820     0.32672266     0.00478357
   821     0.32621807     0.00478407
   822     0.32571371     0.00478450
   823     0.32520961     0.00478488
   824     0.32470577     0.00478519
   825     0.32420220     0.00478543
   826     0.32369891     0.00478561
   827     0.32319591     0.00478573
   828     0.32269322     0.00478578
   829     0.32219083     0.00478577
   830     0.32168877     0.00478570
   831     0.32118705     0.00478557
   832     0.32068566     0.00478538
   833     0.32018464     0.00478513
   834     0.31968399     0.00478483
   835     0.31918370     0.00478447
   836     0.31868381     0.00478406
   837     0.31818433     0.00478360
   838     0.31768525     0.00478310
   839     0.31718659     0.00478255
   840     0.31668838     0.00478197
   841     0.31619061     0.00478135
   842     0.31569329     0.00478070
   843     0.31519644     0.00478002
   844     0.31470006     0.00477931
   845     0.31420416     0.00477859
   846     0.31370877     0.00477785
   847     0.31321386     0.00477710
   848     0.31271948     0.00477634
   849     0.31222561     0.00477558
   850     0.31173227     0.00477482
   851     0.31123947     0.00477407
   852     0.31074719     0.00477333
   853     0.31025548     0.00477260
   854     0.30976430     0.00477190
   855     0.30927369     0.00477122
   856     0.30878363     0.00477056
   857     0.30829414     0.00476994
   858     0.30780522     0.00476936
   859     0.30731687     0.00476881
   860     0.30682907     0.00476831
   861     0.30634187     0.00476786
   862     0.30585524     0.00476746
   863     0.30536917     0.00476711
   864     0.30488369     0.00476682
   865     0.30439876     0.00476659
   866     0.30391443     0.00476642
   867     0.30343063     0.00476631
   868     0.30294743     0.00476627
   869     0.30246477     0.00476630
   870     0.30198267     0.00476640
   871     0.30150111     0.00476656
   872     0.30102010     0.00476680
   873     0.30053963     0.00476711
   874     0.30005969     0.00476749
   875     0.29958027     0.00476794
   876     0.29910136     0.00476846
   877     0.29862297     0.00476905
   878     0.29814507     0.00476972
   879     0.29766766     0.00477045
   880     0.29719073     0.00477124
   881     0.29671426     0.00477211
   882     0.29623824     0.00477303
   883     0.29576267     0.00477402
   884     0.29528754     0.00477507
   885     0.29481283     0.00477617
   886     0.29433852     0.00477733
   887     0.29386461     0.00477854
   888     0.29339108     0.00477979
   889     0.29291791     0.00478110
   890     0.29244510     0.00478244
   891     0.29197264     0.00478382
   892     0.29150051     0.00478524
   893     0.29102868     0.00478669
   894     0.29055717     0.00478817
   895     0.29008593     0.00478967
   896     0.28961497     0.00479120
   897     0.28914428     0.00479274
   898     0.28867384     0.00479429
   899     0.28820361     0.00479586
   900     0.28773361     0.00479743
   901     0.28726381     0.00479900
   902     0.28679421     0.00480058
   903     0.28632479     0.00480215
   904     0.28585554     0.00480371
   905     0.28538643     0.00480526
   906     0.28491748     0.00480679
   907     0.28444865     0.00480831
   908     0.28397996     0.00480981
   909     0.28351135     0.00481128
   910     0.28304286     0.00481273
   911     0.28257446     0.00481415
   912     0.28210614     0.00481553
   913     0.28163788     0.00481688
   914     0.28116969     0.00481820
   915     0.28070155     0.00481947
   916     0.28023346     0.00482070
   917     0.27976541     0.00482189
   918     0.27929740     0.00482304
   919     0.27882942     0.00482414
   920     0.27836146     0.00482519
   921     0.27789352     0.00482618
   922     0.27742559     0.00482713
   923     0.27695769     0.00482803
   924     0.27648979     0.00482887
   925     0.27602189     0.00482966
   926     0.27555400     0.00483039
   927     0.27508613     0.00483107
   928     0.27461825     0.00483169
   929     0.27415039     0.00483226
   930     0.27368252     0.00483277
   931     0.27321468     0.00483323
   932     0.27274684     0.00483363
   933     0.27227901     0.00483397
   934     0.27181120     0.00483426
   935     0.27134342     0.00483450
   936     0.27087565     0.00483468
   937     0.27040792     0.00483481
   938     0.26994023     0.00483489
   939     0.26947258     0.00483492
   940     0.26900497     0.00483490
   941     0.26853741     0.00483483
   942     0.26806992     0.00483472
   943     0.26760249     0.00483457
   944     0.26713515     0.00483438
   945     0.26666788     0.00483414
   946     0.26620072     0.00483387
   947     0.26573364     0.00483357
   948     0.26526667     0.00483323
   949     0.26479983     0.00483287
   950     0.26433310     0.00483247
   951     0.26386651     0.00483206
   952     0.26340005     0.00483162
   953     0.26293375     0.00483116
   954     0.26246762     0.00483069
   955     0.26200166     0.00483021
   956     0.26153586     0.00482971
   957     0.26107025     0.00482921
   958     0.26060485     0.00482871
   959     0.26013964     0.00482820
   960     0.25967464     0.00482770
   961     0.25920985     0.00482721
   962     0.25874531     0.00482672
   963     0.25828098     0.00482625
   964     0.25781690     0.00482579
   965     0.25735306     0.00482535
   966     0.25688948     0.00482494
   967     0.25642615     0.00482454
   968     0.25596307     0.00482418
   969     0.25550028     0.00482384
   970     0.25503776     0.00482354
   971     0.25457549     0.00482327
   972     0.25411351     0.00482304
   973     0.25365181     0.00482284
   974     0.25319038     0.00482269
   975     0.25272925     0.00482259
   976     0.25226839     0.00482253
   977     0.25180781     0.00482251
   978     0.25134751     0.00482255
   979     0.25088750     0.00482264
   980     0.25042776     0.00482278
   981     0.24996829     0.00482297
   982     0.24950910     0.00482322
   983     0.24905017     0.00482352
   984     0.24859150     0.00482388
   985     0.24813309     0.00482429
   986     0.24767493     0.00482477
   987     0.24721701     0.00482529
   988     0.24675933     0.00482588
   989     0.24630187     0.00482652
   990     0.24584463     0.00482723
   991     0.24538761     0.00482799
   992     0.24493076     0.00482880
   993     0.24447412     0.00482967
   994     0.24401765     0.00483060
   995     0.24356134     0.00483159
   996     0.24310519     0.00483263
   997     0.24264917     0.00483372
   998     0.24219328     0.00483487
   999     0.24173749     0.00483607
  1000     0.24128181     0.00483732
  1001     0.24082622     0.00483863
  1002     0.24037066     0.00483998
  1003     0.23991519     0.00484138
  1004     0.23945972     0.00484283
  1005     0.23900429     0.00484432
  1006     0.23854886     0.00484586
  1007     0.23809341     0.00484745
  1008     0.23763793     0.00484908
  1009     0.23718239     0.00485075
  1010     0.23672680     0.00485246
  1011     0.23627113     0.00485422
  1012     0.23581534     0.00485601
  1013     0.23535944     0.00485784
  1014     0.23490340     0.00485970
  1015     0.23444722     0.00486161
  1016     0.23399086     0.00486355
  1017     0.23353431     0.00486552
  1018     0.23307757     0.00486752
  1019     0.23262059     0.00486956
  1020     0.23216339     0.00487163
  1021     0.23170593     0.00487373
  1022     0.23124819     0.00487586
  1023     0.23079018     0.00487802
  1024     0.23033187     0.00488020
  1025     0.22987325     0.00488241
  1026     0.22941428     0.00488465
  1027     0.22895498     0.00488691
  1028     0.22849533     0.00488919
  1029     0.22803531     0.00489150
  1030     0.22757492     0.00489383
  1031     0.22711412     0.00489618
  1032     0.22665294     0.00489856
  1033     0.22619133     0.00490095
  1034     0.22572931     0.00490335
  1035     0.22526685     0.00490578
  1036     0.22480397     0.00490822
  1037     0.22434062     0.00491068
  1038     0.22387684     0.00491314
  1039     0.22341260     0.00491563
  1040     0.22294789     0.00491812
  1041     0.22248271     0.00492062
  1042     0.22201707     0.00492313
  1043     0.22155095     0.00492565
  1044     0.22108436     0.00492818
  1045     0.22061730     0.00493071
  1046     0.22014975     0.00493324
  1047     0.21968175     0.00493577
  1048     0.21921326     0.00493831
  1049     0.21874430     0.00494085
  1050     0.21827489     0.00494338
  1051     0.21780500     0.00494591
  1052     0.21733466     0.00494843
  1053     0.21686387     0.00495094
  1054     0.21639263     0.00495345
  1055     0.21592095     0.00495595
  1056     0.21544884     0.00495844
  1057     0.21497633     0.00496091
  1058     0.21450339     0.00496337
  1059     0.21403005     0.00496581
  1060     0.21355632     0.00496824
  1061     0.21308223     0.00497065
  1062     0.21260776     0.00497303
  1063     0.21213295     0.00497540
  1064     0.21165779     0.00497774
  1065     0.21118232     0.00498005
  1066     0.21070654     0.00498234
  1067     0.21023046     0.00498460
  1068     0.20975413     0.00498684
  1069     0.20927751     0.00498904
  1070     0.20880067     0.00499121
  1071     0.20832360     0.00499335
  1072     0.20784632     0.00499545
  1073     0.20736886     0.00499752
  1074     0.20689124     0.00499955
  1075     0.20641346     0.00500155
  1076     0.20593557     0.00500350
  1077     0.20545755     0.00500542
  1078     0.20497946     0.00500729
  1079     0.20450130     0.00500913
  1080     0.20402309     0.00501092
  1081     0.20354487     0.00501267
  1082     0.20306664     0.00501437
  1083     0.20258843     0.00501603
  1084     0.20211026     0.00501764
  1085     0.20163215     0.00501921
  1086     0.20115412     0.00502073
  1087     0.20067621     0.00502220
  1088     0.20019843     0.00502363
  1089     0.19972079     0.00502501
  1090     0.19924333     0.00502633
  1091     0.19876605     0.00502761
  1092     0.19828901     0.00502884
  1093     0.19781218     0.00503003
  1094     0.19733562     0.00503116
  1095     0.19685934     0.00503224
  1096     0.19638337     0.00503327
  1097     0.19590772     0.00503426
  1098     0.19543241     0.00503519
  1099     0.19495747     0.00503608
  1100     0.19448291     0.00503692
  1101     0.19400876     0.00503771
  1102     0.19353503     0.00503846
  1103     0.19306175     0.00503916
  1104     0.19258892     0.00503981
  1105     0.19211660     0.00504043
  1106     0.19164476     0.00504099
  1107     0.19117344     0.00504152
  1108     0.19070268     0.00504200
  1109     0.19023245     0.00504245
  1110     0.18976282     0.00504285
  1111     0.18929376     0.00504322
  1112     0.18882533     0.00504356
  1113     0.18835750     0.00504386
  1114     0.18789032     0.00504413
  1115     0.18742380     0.00504437
  1116     0.18695795     0.00504459
  1117     0.18649278     0.00504477
  1118     0.18602831     0.00504494
  1119     0.18556455     0.00504509
  1120     0.18510153     0.00504521
  1121     0.18463923     0.00504533
  1122     0.18417770     0.00504542
  1123     0.18371693     0.00504551
  1124     0.18325694     0.00504559
  1125     0.18279773     0.00504567
  1126     0.18233932     0.00504574
  1127     0.18188171     0.00504582
  1128     0.18142493     0.00504590
  1129     0.18096898     0.00504599
  1130     0.18051386     0.00504608
  1131     0.18005958     0.00504619
  1132     0.17960615     0.00504632
  1133     0.17915360     0.00504647
  1134     0.17870190     0.00504664
  1135     0.17825108     0.00504683
  1136     0.17780115     0.00504706
  1137     0.17735208     0.00504731
  1138     0.17690392     0.00504761
  1139     0.17645665     0.00504794
  1140     0.17601029     0.00504831
  1141     0.17556482     0.00504872
  1142     0.17512026     0.00504919
  1143     0.17467661     0.00504970
  1144     0.17423388     0.00505027
  1145     0.17379206     0.00505089
  1146     0.17335113     0.00505157
  1147     0.17291114     0.00505230
  1148     0.17247206     0.00505311
  1149     0.17203389     0.00505397
  1150     0.17159664     0.00505490
  1151     0.17116029     0.00505590
  1152     0.17072487     0.00505697
  1153     0.17029034     0.00505812
  1154     0.16985671     0.00505933
  1155     0.16942399     0.00506062
  1156     0.16899216     0.00506199
  1157     0.16856124     0.00506343
  1158     0.16813118     0.00506495
  1159     0.16770202     0.00506654
  1160     0.16727372     0.00506821
  1161     0.16684630     0.00506996
  1162     0.16641974     0.00507179
  1163     0.16599401     0.00507370
  1164     0.16556914     0.00507568
  1165     0.16514510     0.00507774
  1166     0.16472188     0.00507987
  1167     0.16429948     0.00508208
  1168     0.16387787     0.00508437
  1169     0.16345706     0.00508672
  1170     0.16303703     0.00508915
  1171     0.16261776     0.00509164
  1172     0.16219925     0.00509420
  1173     0.16178147     0.00509683
  1174     0.16136442     0.00509952
  1175     0.16094808     0.00510227
  1176     0.16053244     0.00510508
  1177     0.16011748     0.00510794
  1178     0.15970317     0.00511086
  1179     0.15928952     0.00511383
  1180     0.15887648     0.00511686
  1181     0.15846406     0.00511992
  1182     0.15805225     0.00512303
  1183     0.15764099     0.00512618
  1184     0.15723031     0.00512937
  1185     0.15682014     0.00513260
  1186     0.15641051     0.00513586
  1187     0.15600137     0.00513915
  1188     0.15559270     0.00514247
  1189     0.15518449     0.00514581
  1190     0.15477670     0.00514918
  1191     0.15436934     0.00515258
  1192     0.15396236     0.00515599
  1193     0.15355577     0.00515942
  1194     0.15314951     0.00516286
  1195     0.15274357     0.00516632
  1196     0.15233795     0.00516979
  1197     0.15193262     0.00517328
  1198     0.15152752     0.00517678
  1199     0.15112269     0.00518028
  1200     0.15071805     0.00518380
  1201     0.15031362     0.00518732
  1202     0.14990934     0.00519085
  1203     0.14950523     0.00519439
  1204     0.14910124     0.00519793
  1205     0.14869736     0.00520149
  1206     0.14829356     0.00520505
  1207     0.14788983     0.00520861
  1208     0.14748613     0.00521219
  1209     0.14708246     0.00521578
  1210     0.14667880     0.00521937
  1211     0.14627512     0.00522298
  1212     0.14587140     0.00522660
  1213     0.14546763     0.00523023
  1214     0.14506378     0.00523388
  1215     0.14465985     0.00523754
  1216     0.14425581     0.00524122
  1217     0.14385165     0.00524491
  1218     0.14344735     0.00524862
  1219     0.14304290     0.00525236
  1220     0.14263828     0.00525611
  1221     0.14223348     0.00525989
  1222     0.14182850     0.00526369
  1223     0.14142331     0.00526752
  1224     0.14101791     0.00527137
  1225     0.14061229     0.00527525
  1226     0.14020644     0.00527916
  1227     0.13980035     0.00528310
  1228     0.13939402     0.00528706
  1229     0.13898744     0.00529106
  1230     0.13858060     0.00529508
  1231     0.13817352     0.00529914
  1232     0.13776617     0.00530322
  1233     0.13735856     0.00530734
  1234     0.13695070     0.00531149
  1235     0.13654258     0.00531566
  1236     0.13613421     0.00531987
  1237     0.13572558     0.00532411
  1238     0.13531671     0.00532837
  1239     0.13490760     0.00533266
  1240     0.13449826     0.00533698
  1241     0.13408870     0.00534133
  1242     0.13367893     0.00534570
  1243     0.13326895     0.00535010
  1244     0.13285878     0.00535451
  1245     0.13244843     0.00535895
  1246     0.13203793     0.00536341
  1247     0.13162727     0.00536789
  1248     0.13121649     0.00537239
  1249     0.13080560     0.00537690
  1250     0.13039461     0.00538143
  1251     0.12998355     0.00538597
  1252     0.12957244     0.00539053
  1253     0.12916130     0.00539510
  1254     0.12875015     0.00539969
  1255     0.12833902     0.00540428
  1256     0.12792793     0.00540889
  1257     0.12751691     0.00541350
  1258     0.12710598     0.00541813
  1259     0.12669517     0.00542277
  1260     0.12628452     0.00542742
  1261     0.12587404     0.00543208
  1262     0.12546377     0.00543675
  1263     0.12505374     0.00544143
  1264     0.12464398     0.00544613
  1265     0.12423451     0.00545084
  1266     0.12382537     0.00545557
  1267     0.12341660     0.00546032
  1268     0.12300822     0.00546508
  1269     0.12260027     0.00546987
  1270     0.12219278     0.00547467
  1271     0.12178578     0.00547950
  1272     0.12137930     0.00548436
  1273     0.12097339     0.00548925
  1274     0.12056806     0.00549417
  1275     0.12016336     0.00549913
  1276     0.11975931     0.00550412
  1277     0.11935595     0.00550915
  1278     0.11895331     0.00551422
  1279     0.11855142     0.00551934
  1280     0.11815032     0.00552451
  1281     0.11775003     0.00552972
  1282     0.11735059     0.00553499
  1283     0.11695203     0.00554031
  1284     0.11655436     0.00554569
  1285     0.11615763     0.00555113
  1286     0.11576187     0.00555662
  1287     0.11536709     0.00556218
  1288     0.11497333     0.00556781
  1289     0.11458061     0.00557350
  1290     0.11418895     0.00557925
  1291     0.11379838     0.00558507
  1292     0.11340893     0.00559096
  1293     0.11302061     0.00559692
  1294     0.11263345     0.00560294
  1295     0.11224746     0.00560904
  1296     0.11186266     0.00561520
  1297     0.11147907     0.00562142
  1298     0.11109671     0.00562771
  1299     0.11071559     0.00563406
  1300     0.11033573     0.00564048
  1301     0.10995713     0.00564695
  1302     0.10957982     0.00565348
  1303     0.10920379     0.00566007
  1304     0.10882906     0.00566671
  1305     0.10845563     0.00567339
  1306     0.10808352     0.00568012
  1307     0.10771272     0.00568689
  1308     0.10734324     0.00569370
  1309     0.10697509     0.00570055
  1310     0.10660825     0.00570742
  1311     0.10624274     0.00571432
  1312     0.10587855     0.00572124
  1313     0.10551567     0.00572818
  1314     0.10515411     0.00573513
  1315     0.10479386     0.00574209
  1316     0.10443491     0.00574906
  1317     0.10407725     0.00575603
  1318     0.10372088     0.00576299
  1319     0.10336578     0.00576994
  1320     0.10301194     0.00577688
  1321     0.10265936     0.00578380
  1322     0.10230802     0.00579071
  1323     0.10195790     0.00579759
  1324     0.10160899     0.00580444
  1325     0.10126128     0.00581127
  1326     0.10091474     0.00581806
  1327     0.10056936     0.00582481
  1328     0.10022513     0.00583153
  1329     0.09988202     0.00583821
  1330     0.09954001     0.00584484
  1331     0.09919909     0.00585144
  1332     0.09885923     0.00585799
  1333     0.09852042     0.00586450
  1334     0.09818262     0.00587096
  1335     0.09784582     0.00587738
  1336     0.09751001     0.00588375
  1337     0.09717515     0.00589009
  1338     0.09684122     0.00589638
  1339     0.09650820     0.00590263
  1340     0.09617607     0.00590884
  1341     0.09584480     0.00591502
  1342     0.09551438     0.00592117
  1343     0.09518478     0.00592729
  1344     0.09485598     0.00593339
  1345     0.09452795     0.00593946
  1346     0.09420068     0.00594552
  1347     0.09387414     0.00595157
  1348     0.09354832     0.00595761
  1349     0.09322318     0.00596364
  1350     0.09289872     0.00596969
  1351     0.09257491     0.00597574
  1352     0.09225174     0.00598181
  1353     0.09192917     0.00598790
  1354     0.09160721     0.00599403
  1355     0.09128582     0.00600019
  1356     0.09096500     0.00600639
  1357     0.09064473     0.00601264
  1358     0.09032499     0.00601895
  1359     0.09000577     0.00602532
  1360     0.08968705     0.00603177
  1361     0.08936883     0.00603829
  1362     0.08905109     0.00604490
  1363     0.08873383     0.00605160
  1364     0.08841703     0.00605840
  1365     0.08810068     0.00606531
  1366     0.08778478     0.00607233
  1367     0.08746932     0.00607948
  1368     0.08715430     0.00608675
  1369     0.08683971     0.00609415
  1370     0.08652554     0.00610169
  1371     0.08621181     0.00610938
  1372     0.08589849     0.00611721
  1373     0.08558560     0.00612520
  1374     0.08527314     0.00613335
  1375     0.08496110     0.00614167
  1376     0.08464949     0.00615015
  1377     0.08433831     0.00615880
  1378     0.08402757     0.00616763
  1379     0.08371726     0.00617663
  1380     0.08340741     0.00618581
  1381     0.08309802     0.00619518
  1382     0.08278908     0.00620472
  1383     0.08248062     0.00621445
  1384     0.08217264     0.00622436
  1385     0.08186516     0.00623446
  1386     0.08155817     0.00624474
  1387     0.08125170     0.00625520
  1388     0.08094576     0.00626584
  1389     0.08064036     0.00627666
  1390     0.08033551     0.00628766
  1391     0.08003124     0.00629884
  1392     0.07972754     0.00631018
  1393     0.07942444     0.00632170
  1394     0.07912196     0.00633338
  1395     0.07882010     0.00634522
  1396     0.07851889     0.00635721
  1397     0.07821834     0.00636937
  1398     0.07791847     0.00638167
  1399     0.07761929     0.00639411
  1400     0.07732082     0.00640670
  1401     0.07702309     0.00641942
  1402     0.07672609     0.00643226
  1403     0.07642986     0.00644524
  1404     0.07613441     0.00645833
  1405     0.07583976     0.00647154
  1406     0.07554592     0.00648485
  1407     0.07525290     0.00649828
  1408     0.07496074     0.00651180
  1409     0.07466943     0.00652541
  1410     0.07437900     0.00653912
  1411     0.07408946     0.00655291
  1412     0.07380082     0.00656679
  1413     0.07351311     0.00658074
  1414     0.07322633     0.00659476
  1415     0.07294050     0.00660885
  1416     0.07265563     0.00662301
  1417     0.07237173     0.00663724
  1418     0.07208882     0.00665152
  1419     0.07180690     0.00666586
  1420     0.07152599     0.00668026
  1421     0.07124609     0.00669471
  1422     0.07096721     0.00670921
  1423     0.07068937     0.00672376
  1424     0.07041257     0.00673836
  1425     0.07013681     0.00675301
  1426     0.06986211     0.00676770
  1427     0.06958846     0.00678244
  1428     0.06931587     0.00679723
  1429     0.06904435     0.00681206
  1430     0.06877389     0.00682694
  1431     0.06850450     0.00684187
  1432     0.06823619     0.00685685
  1433     0.06796894     0.00687187
  1434     0.06770276     0.00688695
  1435     0.06743765     0.00690207
  1436     0.06717361     0.00691725
  1437     0.06691063     0.00693249
  1438     0.06664870     0.00694778
  1439     0.06638783     0.00696313
  1440     0.06612801     0.00697854
  1441     0.06586923     0.00699402
  1442     0.06561149     0.00700956
  1443     0.06535477     0.00702518
  1444     0.06509908     0.00704086
  1445     0.06484439     0.00705662
  1446     0.06459071     0.00707245
  1447     0.06433801     0.00708837
  1448     0.06408630     0.00710437
  1449     0.06383555     0.00712045
  1450     0.06358576     0.00713662
  1451     0.06333691     0.00715289
  1452     0.06308899     0.00716925
  1453     0.06284199     0.00718571
  1454     0.06259590     0.00720228
  1455     0.06235069     0.00721895
  1456     0.06210636     0.00723573
  1457     0.06186289     0.00725262
  1458     0.06162026     0.00726963
  1459     0.06137846     0.00728675
  1460     0.06113747     0.00730400
  1461     0.06089728     0.00732138
  1462     0.06065788     0.00733889
  1463     0.06041923     0.00735653
  1464     0.06018134     0.00737431
  1465     0.05994418     0.00739223
  1466     0.05970774     0.00741029
  1467     0.05947200     0.00742850
  1468     0.05923694     0.00744686
  1469     0.05900255     0.00746537
  1470     0.05876881     0.00748404
  1471     0.05853571     0.00750286
  1472     0.05830323     0.00752185
  1473     0.05807136     0.00754101
  1474     0.05784007     0.00756033
  1475     0.05760937     0.00757982
  1476     0.05737922     0.00759948
  1477     0.05714962     0.00761931
  1478     0.05692055     0.00763932
  1479     0.05669200     0.00765950
  1480     0.05646396     0.00767986
  1481     0.05623641     0.00770040
  1482     0.05600934     0.00772111
  1483     0.05578275     0.00774201
  1484     0.05555660     0.00776308
  1485     0.05533091     0.00778433
  1486     0.05510566     0.00780575
  1487     0.05488083     0.00782735
  1488     0.05465642     0.00784912
  1489     0.05443241     0.00787107
  1490     0.05420881     0.00789318
  1491     0.05398560     0.00791546
  1492     0.05376278     0.00793790
  1493     0.05354034     0.00796050
  1494     0.05331827     0.00798326
  1495     0.05309657     0.00800617
  1496     0.05287524     0.00802922
  1497     0.05265426     0.00805242
  1498     0.05243364     0.00807575
  1499     0.05221338     0.00809922
  1500     0.05199346     0.00812280
  1501     0.05177390     0.00814651
  1502     0.05155468     0.00817034
  1503     0.05133581     0.00819427
  1504     0.05111729     0.00821830
  1505     0.05089912     0.00824242
  1506     0.05068130     0.00826664
  1507     0.05046383     0.00829093
  1508     0.05024671     0.00831530
  1509     0.05002995     0.00833974
  1510     0.04981355     0.00836423
  1511     0.04959751     0.00838879
  1512     0.04938184     0.00841339
  1513     0.04916654     0.00843803
  1514     0.04895162     0.00846271
  1515     0.04873708     0.00848742
  1516     0.04852293     0.00851215
  1517     0.04830917     0.00853691
  1518     0.04809581     0.00856168
  1519     0.04788287     0.00858646
  1520     0.04767034     0.00861125
  1521     0.04745824     0.00863604
  1522     0.04724657     0.00866084
  1523     0.04703534     0.00868563
  1524     0.04682456     0.00871043
  1525     0.04661424     0.00873521
  1526     0.04640438     0.00876000
  1527     0.04619501     0.00878477
  1528     0.04598612     0.00880955
  1529     0.04577773     0.00883432
  1530     0.04556985     0.00885909
  1531     0.04536249     0.00888386
  1532     0.04515565     0.00890864
  1533     0.04494936     0.00893342
  1534     0.04474361     0.00895822
  1535     0.04453843     0.00898303
  1536     0.04433381     0.00900787
  1537     0.04412978     0.00903274
  1538     0.04392634     0.00905765
  1539     0.04372351     0.00908261
  1540     0.04352129     0.00910762
  1541     0.04331970     0.00913269
  1542     0.04311875     0.00915784
  1543     0.04291844     0.00918307
  1544     0.04271879     0.00920839
  1545     0.04251982     0.00923383
  1546     0.04232152     0.00925938
  1547     0.04212392     0.00928507
  1548     0.04192702     0.00931090
  1549     0.04173084     0.00933689
  1550     0.04153537     0.00936305
  1551     0.04134064     0.00938940
  1552     0.04114666     0.00941595
  1553     0.04095343     0.00944273
  1554     0.04076096     0.00946973
  1555     0.04056927     0.00949699
  1556     0.04037836     0.00952451
  1557     0.04018824     0.00955231
  1558     0.03999892     0.00958041
  1559     0.03981042     0.00960883
  1560     0.03962273     0.00963757
  1561     0.03943587     0.00966666
  1562     0.03924985     0.00969611
  1563     0.03906467     0.00972594
  1564     0.03888035     0.00975617
  1565     0.03869688     0.00978679
  1566     0.03851428     0.00981785
  1567     0.03833256     0.00984933
  1568     0.03815171     0.00988127
  1569     0.03797176     0.00991366
  1570     0.03779269     0.00994653
  1571     0.03761453     0.00997988
  1572     0.03743727     0.01001373
  1573     0.03726093     0.01004808
  1574     0.03708550     0.01008294
  1575     0.03691099     0.01011832
  1576     0.03673740     0.01015422
  1577     0.03656475     0.01019066
  1578     0.03639302     0.01022762
  1579     0.03622224     0.01026512
  1580     0.03605240     0.01030316
  1581     0.03588350     0.01034173
  1582     0.03571554     0.01038083
  1583     0.03554853     0.01042046
  1584     0.03538248     0.01046062
  1585     0.03521737     0.01050130
  1586     0.03505322     0.01054249
  1587     0.03489003     0.01058419
  1588     0.03472779     0.01062638
  1589     0.03456650     0.01066905
  1590     0.03440617     0.01071220
  1591     0.03424679     0.01075580
  1592     0.03408837     0.01079984
  1593     0.03393090     0.01084431
  1594     0.03377438     0.01088920
  1595     0.03361881     0.01093447
  1596     0.03346419     0.01098013
  1597     0.03331052     0.01102613
  1598     0.03315779     0.01107248
  1599     0.03300599     0.01111914
  1600     0.03285513     0.01116609
  1601     0.03270520     0.01121333
  1602     0.03255620     0.01126082
  1603     0.03240813     0.01130854
  1604     0.03226097     0.01135648
  1605     0.03211472     0.01140461
  1606     0.03196938     0.01145291
  1607     0.03182494     0.01150137
  1608     0.03168139     0.01154996
  1609     0.03153873     0.01159867
  1610     0.03139695     0.01164748
  1611     0.03125605     0.01169637
  1612     0.03111601     0.01174534
  1613     0.03097682     0.01179435
  1614     0.03083849     0.01184340
  1615     0.03070099     0.01189249
  1616     0.03056433     0.01194158
  1617     0.03042849     0.01199069
  1618     0.03029347     0.01203980
  1619     0.03015924     0.01208890
  1620     0.03002581     0.01213799
  1621     0.02989316     0.01218707
  1622     0.02976128     0.01223613
  1623     0.02963017     0.01228518
  1624     0.02949980     0.01233421
  1625     0.02937017     0.01238323
  1626     0.02924127     0.01243224
  1627     0.02911309     0.01248124
  1628     0.02898561     0.01253026
  1629     0.02885882     0.01257928
  1630     0.02873271     0.01262833
  1631     0.02860727     0.01267741
  1632     0.02848248     0.01272654
  1633     0.02835833     0.01277573
  1634     0.02823481     0.01282498
  1635     0.02811191     0.01287433
  1636     0.02798961     0.01292377
  1637     0.02786790     0.01297334
  1638     0.02774677     0.01302304
  1639     0.02762620     0.01307289
  1640     0.02750619     0.01312291
  1641     0.02738671     0.01317312
  1642     0.02726776     0.01322354
  1643     0.02714932     0.01327418
  1644     0.02703138     0.01332506
  1645     0.02691392     0.01337620
  1646     0.02679694     0.01342761
  1647     0.02668042     0.01347932
  1648     0.02656435     0.01353134
  1649     0.02644871     0.01358369
  1650     0.02633350     0.01363639
  1651     0.02621870     0.01368944
  1652     0.02610430     0.01374287
  1653     0.02599028     0.01379669
  1654     0.02587665     0.01385092
  1655     0.02576337     0.01390556
  1656     0.02565046     0.01396063
  1657     0.02553788     0.01401614
  1658     0.02542564     0.01407211
  1659     0.02531372     0.01412854
  1660     0.02520211     0.01418545
  1661     0.02509081     0.01424284
  1662     0.02497980     0.01430072
  1663     0.02486908     0.01435910
  1664     0.02475863     0.01441800
  1665     0.02464845     0.01447740
  1666     0.02453854     0.01453733
  1667     0.02442888     0.01459779
  1668     0.02431946     0.01465878
  1669     0.02421028     0.01472030
  1670     0.02410134     0.01478237
  1671     0.02399263     0.01484498
  1672     0.02388413     0.01490814
  1673     0.02377586     0.01497185
  1674     0.02366780     0.01503612
  1675     0.02355995     0.01510094
  1676     0.02345231     0.01516631
  1677     0.02334487     0.01523224
  1678     0.02323763     0.01529873
  1679     0.02313058     0.01536577
  1680     0.02302374     0.01543337
  1681     0.02291709     0.01550152
  1682     0.02281063     0.01557022
  1683     0.02270437     0.01563947
  1684     0.02259830     0.01570925
  1685     0.02249242     0.01577958
  1686     0.02238674     0.01585045
  1687     0.02228126     0.01592183
  1688     0.02217597     0.01599374
  1689     0.02207088     0.01606617
  1690     0.02196600     0.01613909
  1691     0.02186132     0.01621251
  1692     0.02175685     0.01628641
  1693     0.02165259     0.01636078
  1694     0.02154855     0.01643562
  1695     0.02144473     0.01651090
  1696     0.02134113     0.01658661
  1697     0.02123776     0.01666274
  1698     0.02113463     0.01673927
  1699     0.02103174     0.01681619
  1700     0.02092910     0.01689347
  1701     0.02082670     0.01697110
  1702     0.02072457     0.01704906
  1703     0.02062270     0.01712734
  1704     0.02052111     0.01720591
  1705     0.02041979     0.01728475
  1706     0.02031876     0.01736384
  1707     0.02021802     0.01744317
  1708     0.02011758     0.01752271
  1709     0.02001745     0.01760245
  1710     0.01991764     0.01768236
  1711     0.01981815     0.01776242
  1712     0.01971900     0.01784262
  1713     0.01962018     0.01792294
  1714     0.01952171     0.01800337
  1715     0.01942359     0.01808388
  1716     0.01932584     0.01816446
  1717     0.01922846     0.01824511
  1718     0.01913146     0.01832580
  1719     0.01903484     0.01840653
  1720     0.01893862     0.01848730
  1721     0.01884281     0.01856808
  1722     0.01874740     0.01864889
  1723     0.01865241     0.01872971
  1724     0.01855784     0.01881055
  1725     0.01846371     0.01889141
  1726     0.01837002     0.01897229
  1727     0.01827677     0.01905320
  1728     0.01818398     0.01913415
  1729     0.01809165     0.01921514
  1730     0.01799978     0.01929619
  1731     0.01790838     0.01937732
  1732     0.01781747     0.01945854
  1733     0.01772704     0.01953987
  1734     0.01763710     0.01962133
  1735     0.01754765     0.01970294
  1736     0.01745871     0.01978473
  1737     0.01737027     0.01986673
  1738     0.01728234     0.01994895
  1739     0.01719492     0.02003144
  1740     0.01710802     0.02011421
  1741     0.01702165     0.02019729
  1742     0.01693579     0.02028073
  1743     0.01685047     0.02036455
  1744     0.01676568     0.02044877
  1745     0.01668142     0.02053344
  1746     0.01659770     0.02061858
  1747     0.01651452     0.02070422
  1748     0.01643188     0.02079039
  1749     0.01634978     0.02087712
  1750     0.01626821     0.02096444
  1751     0.01618720     0.02105237
  1752     0.01610673     0.02114094
  1753     0.01602680     0.02123017
  1754     0.01594742     0.02132008
  1755     0.01586857     0.02141070
  1756     0.01579028     0.02150203
  1757     0.01571252     0.02159409
  1758     0.01563531     0.02168689
  1759     0.01555864     0.02178045
  1760     0.01548250     0.02187477
  1761     0.01540690     0.02196986
  1762     0.01533184     0.02206572
  1763     0.01525731     0.02216235
  1764     0.01518331     0.02225975
  1765     0.01510983     0.02235791
  1766     0.01503688     0.02245683
  1767     0.01496445     0.02255651
  1768     0.01489253     0.02265692
  1769     0.01482113     0.02275806
  1770     0.01475024     0.02285992
  1771     0.01467986     0.02296248
  1772     0.01460997     0.02306572
  1773     0.01454058     0.02316963
  1774     0.01447169     0.02327419
  1775     0.01440328     0.02337938
  1776     0.01433536     0.02348518
  1777     0.01426791     0.02359158
  1778     0.01420094     0.02369856
  1779     0.01413443     0.02380610
  1780     0.01406839     0.02391418
  1781     0.01400280     0.02402278
  1782     0.01393767     0.02413190
  1783     0.01387298     0.02424151
  1784     0.01380873     0.02435161
  1785     0.01374491     0.02446219
  1786     0.01368152     0.02457323
  1787     0.01361855     0.02468473
  1788     0.01355600     0.02479669
  1789     0.01349385     0.02490911
  1790     0.01343211     0.02502198
  1791     0.01337077     0.02513531
  1792     0.01330981     0.02524911
  1793     0.01324924     0.02536339
  1794     0.01318904     0.02547815
  1795     0.01312922     0.02559341
  1796     0.01306975     0.02570919
  1797     0.01301064     0.02582550
  1798     0.01295188     0.02594238
  1799     0.01289347     0.02605985
  1800     0.01283539     0.02617793
  1801     0.01277763     0.02629665
  1802     0.01272020     0.02641604
  1803     0.01266308     0.02653615
  1804     0.01260627     0.02665700
  1805     0.01254976     0.02677863
  1806     0.01249354     0.02690109
  1807     0.01243760     0.02702441
  1808     0.01238194     0.02714863
  1809     0.01232656     0.02727379
  1810     0.01227143     0.02739995
  1811     0.01221656     0.02752714
  1812     0.01216193     0.02765540
  1813     0.01210755     0.02778477
  1814     0.01205340     0.02791531
  1815     0.01199947     0.02804705
  1816     0.01194576     0.02818002
  1817     0.01189226     0.02831428
  1818     0.01183896     0.02844985
  1819     0.01178585     0.02858677
  1820     0.01173293     0.02872507
  1821     0.01168019     0.02886479
  1822     0.01162761     0.02900595
  1823     0.01157520     0.02914859
  1824     0.01152294     0.02929271
  1825     0.01147083     0.02943834
  1826     0.01141886     0.02958549
  1827     0.01136702     0.02973419
  1828     0.01131530     0.02988443
  1829     0.01126370     0.03003621
  1830     0.01121220     0.03018956
  1831     0.01116080     0.03034445
  1832     0.01110950     0.03050087
  1833     0.01105828     0.03065883
  1834     0.01100713     0.03081831
  1835     0.01095605     0.03097928
  1836     0.01090504     0.03114172
  1837     0.01085407     0.03130560
  1838     0.01080316     0.03147090
  1839     0.01075228     0.03163758
  1840     0.01070143     0.03180560
  1841     0.01065061     0.03197492
  1842     0.01059980     0.03214549
  1843     0.01054901     0.03231727
  1844     0.01049822     0.03249020
  1845     0.01044742     0.03266423
  1846     0.01039662     0.03283931
  1847     0.01034580     0.03301537
  1848     0.01029496     0.03319236
  1849     0.01024409     0.03337022
  1850     0.01019319     0.03354887
  1851     0.01014225     0.03372826
  1852     0.01009127     0.03390833
  1853     0.01004024     0.03408901
  1854     0.00998915     0.03427023
  1855     0.00993801     0.03445194
  1856     0.00988680     0.03463406
  1857     0.00983553     0.03481655
  1858     0.00978420     0.03499933
  1859     0.00973278     0.03518235
  1860     0.00968130     0.03536556
  1861     0.00962973     0.03554891
  1862     0.00957809     0.03573233
  1863     0.00952636     0.03591580
  1864     0.00947455     0.03609927
  1865     0.00942265     0.03628270
  1866     0.00937067     0.03646606
  1867     0.00931861     0.03664932
  1868     0.00926646     0.03683247
  1869     0.00921422     0.03701548
  1870     0.00916190     0.03719834
  1871     0.00910950     0.03738105
  1872     0.00905701     0.03756362
  1873     0.00900445     0.03774604
  1874     0.00895181     0.03792834
  1875     0.00889910     0.03811054
  1876     0.00884632     0.03829267
  1877     0.00879348     0.03847475
  1878     0.00874057     0.03865684
  1879     0.00868761     0.03883898
  1880     0.00863459     0.03902123
  1881     0.00858154     0.03920365
  1882     0.00852844     0.03938632
  1883     0.00847531     0.03956930
  1884     0.00842216     0.03975268
  1885     0.00836899     0.03993655
  1886     0.00831581     0.04012100
  1887     0.00826263     0.04030614
  1888     0.00820946     0.04049205
  1889     0.00815630     0.04067885
  1890     0.00810317     0.04086666
  1891     0.00805008     0.04105558
  1892     0.00799704     0.04124575
  1893     0.00794405     0.04143726
  1894     0.00789113     0.04163026
  1895     0.00783829     0.04182487
  1896     0.00778555     0.04202120
  1897     0.00773290     0.04221938
  1898     0.00768038     0.04241954
  1899     0.00762798     0.04262180
  1900     0.00757572     0.04282627
  1901     0.00752361     0.04303307
  1902     0.00747167     0.04324232
  1903     0.00741991     0.04345413
  1904     0.00736835     0.04366860
  1905     0.00731699     0.04388583
  1906     0.00726585     0.04410592
  1907     0.00721495     0.04432895
  1908     0.00716429     0.04455501
  1909     0.00711390     0.04478416
  1910     0.00706378     0.04501647
  1911     0.00701395     0.04525200
  1912     0.00696442     0.04549080
  1913     0.00691521     0.04573291
  1914     0.00686633     0.04597835
  1915     0.00681780     0.04622716
  1916     0.00676962     0.04647933
  1917     0.00672181     0.04673488
  1918     0.00667438     0.04699380
  1919     0.00662735     0.04725607
  1920     0.00658073     0.04752167
  1921     0.00653453     0.04779056
  1922     0.00648876     0.04806270
  1923     0.00644343     0.04833804
  1924     0.00639856     0.04861653
  1925     0.00635415     0.04889809
  1926     0.00631022     0.04918265
  1927     0.00626678     0.04947013
  1928     0.00622383     0.04976044
  1929     0.00618138     0.05005349
  1930     0.00613945     0.05034918
  1931     0.00609804     0.05064742
  1932     0.00605716     0.05094808
  1933     0.00601682     0.05125108
  1934     0.00597701     0.05155628
  1935     0.00593776     0.05186357
  1936     0.00589906     0.05217285
  1937     0.00586092     0.05248400
  1938     0.00582334     0.05279689
  1939     0.00578632     0.05311142
  1940     0.00574988     0.05342745
  1941     0.00571401     0.05374490
  1942     0.00567871     0.05406364
  1943     0.00564399     0.05438356
  1944     0.00560984     0.05470457
  1945     0.00557626     0.05502655
  1946     0.00554326     0.05534942
  1947     0.00551083     0.05567309
  1948     0.00547897     0.05599746
  1949     0.00544767     0.05632246
  1950     0.00541694     0.05664800
  1951     0.00538677     0.05697403
  1952     0.00535716     0.05730049
  1953     0.00532809     0.05762731
  1954     0.00529956     0.05795444
  1955     0.00527158     0.05828185
  1956     0.00524412     0.05860950
  1957     0.00521718     0.05893736
  1958     0.00519075     0.05926541
  1959     0.00516483     0.05959364
  1960     0.00513941     0.05992204
  1961     0.00511447     0.06025062
  1962     0.00509000     0.06057937
  1963     0.00506600     0.06090833
  1964     0.00504244     0.06123749
  1965     0.00501933     0.06156690
  1966     0.00499665     0.06189659
  1967     0.00497438     0.06222659
  1968     0.00495251     0.06255695
  1969     0.00493103     0.06288774
  1970     0.00490993     0.06321898
  1971     0.00488919     0.06355076
  1972     0.00486880     0.06388315
  1973     0.00484874     0.06421620
  1974     0.00482900     0.06454999
  1975     0.00480956     0.06488462
  1976     0.00479041     0.06522015
  1977     0.00477153     0.06555668
  1978     0.00475291     0.06589428
  1979     0.00473454     0.06623308
  1980     0.00471639     0.06657314
  1981     0.00469846     0.06691457
  1982     0.00468072     0.06725749
  1983     0.00466317     0.06760196
  1984     0.00464578     0.06794813
  1985     0.00462855     0.06829606
  1986     0.00461145     0.06864589
  1987     0.00459448     0.06899771
  1988     0.00457761     0.06935163
  1989     0.00456085     0.06970777
  1990     0.00454416     0.07006621
  1991     0.00452754     0.07042709
  1992     0.00451097     0.07079050
  1993     0.00449444     0.07115655
  1994     0.00447794     0.07152535
  1995     0.00446146     0.07189700
  1996     0.00444498     0.07227162
  1997     0.00442849     0.07264929
  1998     0.00441199     0.07303014
  1999     0.00439545     0.07341426
  2000     0.00437888     0.07380174
